#miRNA	read_count	precursor	total	seq	seq(norm)
mmu-let-7a-5p	38.00	mmu-let-7a-1	38.00	38.00	6607.55
mmu-let-7a-1-3p	0.00	mmu-let-7a-1	0.00	0	0
mmu-let-7a-5p	38.00	mmu-let-7a-2	38.00	38.00	6607.55
mmu-let-7a-2-3p	0.00	mmu-let-7a-2	0.00	0	0
mmu-let-7b-5p	100.00	mmu-let-7b	100.00	100.00	17388.28
mmu-let-7b-3p	0.00	mmu-let-7b	0.00	0	0
mmu-let-7c-5p	136.00	mmu-let-7c-1	136.00	136.00	23648.06
mmu-let-7c-1-3p	0.00	mmu-let-7c-1	0.00	0	0
mmu-let-7c-5p	127.00	mmu-let-7c-2	127.00	127.00	22083.12
mmu-let-7c-2-3p	0.00	mmu-let-7c-2	0.00	0	0
mmu-let-7d-5p	41.00	mmu-let-7d	41.00	41.00	7129.19
mmu-let-7d-3p	0.00	mmu-let-7d	0.00	0	0
mmu-let-7e-5p	12.00	mmu-let-7e	12.00	12.00	2086.59
mmu-let-7e-3p	0.00	mmu-let-7e	0.00	0	0
mmu-let-7f-5p	103.00	mmu-let-7f-1	103.00	103.00	17909.93
mmu-let-7f-1-3p	0.00	mmu-let-7f-1	0.00	0	0
mmu-let-7f-5p	107.00	mmu-let-7f-2	107.00	107.00	18605.46
mmu-let-7f-2-3p	0.00	mmu-let-7f-2	0.00	0	0
mmu-let-7g-5p	5.00	mmu-let-7g	5.00	5.00	869.41
mmu-let-7g-3p	0.00	mmu-let-7g	0.00	0	0
mmu-let-7i-5p	149.00	mmu-let-7i	149.00	149.00	25908.54
mmu-let-7i-3p	0.00	mmu-let-7i	0.00	0	0
mmu-let-7j	12.00	mmu-let-7j	12.00	12.00	2086.59
mmu-let-7k	0.00	mmu-let-7k	0.00	0	0
mmu-miR-100-5p	0.00	mmu-mir-100	0.00	0	0
mmu-miR-100-3p	0.00	mmu-mir-100	0.00	0	0
mmu-miR-101a-5p	0.00	mmu-mir-101a	0.00	0	0
mmu-miR-101a-3p	1.00	mmu-mir-101a	1.00	1.00	173.88
mmu-miR-101b-5p	0.00	mmu-mir-101b	0.00	0	0
mmu-miR-101b-3p	0.00	mmu-mir-101b	0.00	0	0
mmu-miR-101c	0.00	mmu-mir-101c	0.00	0	0
mmu-miR-103-1-5p	0.00	mmu-mir-103-1	0.00	0	0
mmu-miR-103-3p	4.00	mmu-mir-103-1	4.00	4.00	695.53
mmu-miR-103-3p	4.00	mmu-mir-103-2	4.00	4.00	695.53
mmu-miR-103-2-5p	0.00	mmu-mir-103-2	0.00	0	0
mmu-miR-105	0.00	mmu-mir-105	0.00	0	0
mmu-miR-106a-5p	0.00	mmu-mir-106a	0.00	0	0
mmu-miR-106a-3p	0.00	mmu-mir-106a	0.00	0	0
mmu-miR-106b-5p	0.00	mmu-mir-106b	0.00	0	0
mmu-miR-106b-3p	0.00	mmu-mir-106b	0.00	0	0
mmu-miR-107-5p	0.00	mmu-mir-107	0.00	0	0
mmu-miR-107-3p	3.00	mmu-mir-107	3.00	3.00	521.65
mmu-miR-10a-5p	0.00	mmu-mir-10a	0.00	0	0
mmu-miR-10a-3p	0.00	mmu-mir-10a	0.00	0	0
mmu-miR-10b-5p	0.00	mmu-mir-10b	0.00	0	0
mmu-miR-10b-3p	0.00	mmu-mir-10b	0.00	0	0
mmu-miR-1187	0.00	mmu-mir-1187	0.00	0	0
mmu-miR-1188-5p	0.00	mmu-mir-1188	0.00	0	0
mmu-miR-1188-3p	0.00	mmu-mir-1188	0.00	0	0
mmu-miR-1190	0.00	mmu-mir-1190	0.00	0	0
mmu-miR-1191a	0.00	mmu-mir-1191a	0.00	0	0
mmu-miR-1191b-5p	0.00	mmu-mir-1191b	0.00	0	0
mmu-miR-1191b-3p	0.00	mmu-mir-1191b	0.00	0	0
mmu-miR-1192	0.00	mmu-mir-1192	0.00	0	0
mmu-miR-1193-5p	0.00	mmu-mir-1193	0.00	0	0
mmu-miR-1193-3p	0.00	mmu-mir-1193	0.00	0	0
mmu-miR-1194	0.00	mmu-mir-1194	0.00	0	0
mmu-miR-1195	0.00	mmu-mir-1195	0.00	0	0
mmu-miR-1197-5p	0.00	mmu-mir-1197	0.00	0	0
mmu-miR-1197-3p	0.00	mmu-mir-1197	0.00	0	0
mmu-miR-1198-5p	4.00	mmu-mir-1198	4.00	4.00	695.53
mmu-miR-1198-3p	0.00	mmu-mir-1198	0.00	0	0
mmu-miR-1199-5p	0.00	mmu-mir-1199	0.00	0	0
mmu-miR-1199-3p	0.00	mmu-mir-1199	0.00	0	0
mmu-miR-12178-5p	0.00	mmu-mir-12178	0.00	0	0
mmu-miR-12178-3p	0.00	mmu-mir-12178	0.00	0	0
mmu-miR-12179-5p	0.00	mmu-mir-12179	0.00	0	0
mmu-miR-12180-3p	0.00	mmu-mir-12180	0.00	0	0
mmu-miR-12181-5p	0.00	mmu-mir-12181	0.00	0	0
mmu-miR-12181-3p	0.00	mmu-mir-12181	0.00	0	0
mmu-miR-12182-5p	0.00	mmu-mir-12182	0.00	0	0
mmu-miR-12182-3p	0.00	mmu-mir-12182	0.00	0	0
mmu-miR-12183-5p	0.00	mmu-mir-12183	0.00	0	0
mmu-miR-12184-5p	0.00	mmu-mir-12184	0.00	0	0
mmu-miR-12184-3p	0.00	mmu-mir-12184	0.00	0	0
mmu-miR-12185-5p	0.00	mmu-mir-12185	0.00	0	0
mmu-miR-12185-3p	0.00	mmu-mir-12185	0.00	0	0
mmu-miR-12186-5p	0.00	mmu-mir-12186	0.00	0	0
mmu-miR-12186-3p	0.00	mmu-mir-12186	0.00	0	0
mmu-miR-12187-5p	0.00	mmu-mir-12187	0.00	0	0
mmu-miR-12187-3p	0.00	mmu-mir-12187	0.00	0	0
mmu-miR-12188-5p	0.00	mmu-mir-12188	0.00	0	0
mmu-miR-12188-3p	0.00	mmu-mir-12188	0.00	0	0
mmu-miR-12189-3p	0.00	mmu-mir-12189	0.00	0	0
mmu-miR-12190-3p	0.00	mmu-mir-12190	0.00	0	0
mmu-miR-12191-5p	0.00	mmu-mir-12191	0.00	0	0
mmu-miR-12191-3p	0.00	mmu-mir-12191	0.00	0	0
mmu-miR-12192-5p	0.00	mmu-mir-12192	0.00	0	0
mmu-miR-12193-5p	0.00	mmu-mir-12193	0.00	0	0
mmu-miR-12193-3p	0.00	mmu-mir-12193	0.00	0	0
mmu-miR-12194-3p	0.00	mmu-mir-12194	0.00	0	0
mmu-miR-12195-5p	0.00	mmu-mir-12195	0.00	0	0
mmu-miR-12195-3p	0.00	mmu-mir-12195	0.00	0	0
mmu-miR-12196-5p	0.00	mmu-mir-12196	0.00	0	0
mmu-miR-12196-3p	0.00	mmu-mir-12196	0.00	0	0
mmu-miR-12197-3p	0.00	mmu-mir-12197	0.00	0	0
mmu-miR-12198-3p	0.00	mmu-mir-12198	0.00	0	0
mmu-miR-12199-3p	0.00	mmu-mir-12199	0.00	0	0
mmu-miR-122-5p	22.00	mmu-mir-122	22.00	22.00	3825.42
mmu-miR-122-3p	0.00	mmu-mir-122	0.00	0	0
mmu-miR-12200-5p	0.00	mmu-mir-12200	0.00	0	0
mmu-miR-12200-3p	0.00	mmu-mir-12200	0.00	0	0
mmu-miR-12201-5p	0.00	mmu-mir-12201	0.00	0	0
mmu-miR-12201-3p	0.00	mmu-mir-12201	0.00	0	0
mmu-miR-12202-5p	0.00	mmu-mir-12202	0.00	0	0
mmu-miR-12202-3p	0.00	mmu-mir-12202	0.00	0	0
mmu-miR-12203-5p	0.00	mmu-mir-12203	0.00	0	0
mmu-miR-12203-3p	0.00	mmu-mir-12203	0.00	0	0
mmu-miR-12204-5p	0.00	mmu-mir-12204	0.00	0	0
mmu-miR-12205-5p	0.00	mmu-mir-12205	0.00	0	0
mmu-miR-12205-3p	0.00	mmu-mir-12205	0.00	0	0
mmu-miR-12206-5p	0.00	mmu-mir-12206	0.00	0	0
mmu-miR-1224-5p	0.00	mmu-mir-1224	0.00	0	0
mmu-miR-1224-3p	0.00	mmu-mir-1224	0.00	0	0
mmu-miR-122b-5p	0.00	mmu-mir-122b	0.00	0	0
mmu-miR-122b-3p	0.00	mmu-mir-122b	0.00	0	0
mmu-miR-1231-5p	0.00	mmu-mir-1231	0.00	0	0
mmu-miR-1231-3p	0.00	mmu-mir-1231	0.00	0	0
mmu-miR-124-5p	0.00	mmu-mir-124-1	0.00	0	0
mmu-miR-124-3p	0.00	mmu-mir-124-1	0.00	0	0
mmu-miR-124-5p	0.00	mmu-mir-124-2	0.00	0	0
mmu-miR-124-3p	0.00	mmu-mir-124-2	0.00	0	0
mmu-miR-124-5p	0.00	mmu-mir-124-3	0.00	0	0
mmu-miR-124-3p	0.00	mmu-mir-124-3	0.00	0	0
mmu-miR-1247-5p	0.00	mmu-mir-1247	0.00	0	0
mmu-miR-1247-3p	0.00	mmu-mir-1247	0.00	0	0
mmu-miR-1249-5p	0.00	mmu-mir-1249	0.00	0	0
mmu-miR-1249-3p	0.00	mmu-mir-1249	0.00	0	0
mmu-miR-124b-3p	0.00	mmu-mir-124b	0.00	0	0
mmu-miR-1251-5p	0.00	mmu-mir-1251	0.00	0	0
mmu-miR-1251-3p	0.00	mmu-mir-1251	0.00	0	0
mmu-miR-1258-5p	0.00	mmu-mir-1258	0.00	0	0
mmu-miR-1258-3p	0.00	mmu-mir-1258	0.00	0	0
mmu-miR-125a-5p	13.00	mmu-mir-125a	13.00	13.00	2260.48
mmu-miR-125a-3p	1.00	mmu-mir-125a	1.00	1.00	173.88
mmu-miR-125b-5p	5.00	mmu-mir-125b-1	5.00	5.00	869.41
mmu-miR-125b-1-3p	1.00	mmu-mir-125b-1	1.00	1.00	173.88
mmu-miR-125b-5p	5.00	mmu-mir-125b-2	5.00	5.00	869.41
mmu-miR-125b-2-3p	0.00	mmu-mir-125b-2	0.00	0	0
mmu-miR-1264-5p	0.00	mmu-mir-1264	0.00	0	0
mmu-miR-1264-3p	0.00	mmu-mir-1264	0.00	0	0
mmu-miR-126a-5p	0.00	mmu-mir-126a	0.00	0	0
mmu-miR-126a-3p	0.00	mmu-mir-126a	0.00	0	0
mmu-miR-126b-5p	0.00	mmu-mir-126b	0.00	0	0
mmu-miR-126b-3p	0.00	mmu-mir-126b	0.00	0	0
mmu-miR-127-5p	0.00	mmu-mir-127	0.00	0	0
mmu-miR-127-3p	115.00	mmu-mir-127	115.00	115.00	19996.52
mmu-miR-1271-5p	0.00	mmu-mir-1271	0.00	0	0
mmu-miR-1271-3p	0.00	mmu-mir-1271	0.00	0	0
mmu-miR-128-1-5p	0.00	mmu-mir-128-1	0.00	0	0
mmu-miR-128-3p	0.00	mmu-mir-128-1	0.00	0	0
mmu-miR-128-3p	0.00	mmu-mir-128-2	0.00	0	0
mmu-miR-128-2-5p	0.00	mmu-mir-128-2	0.00	0	0
mmu-miR-129-5p	0.00	mmu-mir-129-1	0.00	0	0
mmu-miR-129-1-3p	0.00	mmu-mir-129-1	0.00	0	0
mmu-miR-129-5p	0.00	mmu-mir-129-2	0.00	0	0
mmu-miR-129-2-3p	0.00	mmu-mir-129-2	0.00	0	0
mmu-miR-1291	0.00	mmu-mir-1291	0.00	0	0
mmu-miR-1298-5p	0.00	mmu-mir-1298	0.00	0	0
mmu-miR-1298-3p	0.00	mmu-mir-1298	0.00	0	0
mmu-miR-129b-5p	0.00	mmu-mir-129b	0.00	0	0
mmu-miR-129b-3p	0.00	mmu-mir-129b	0.00	0	0
mmu-miR-1306-5p	0.00	mmu-mir-1306	0.00	0	0
mmu-miR-1306-3p	0.00	mmu-mir-1306	0.00	0	0
mmu-miR-130a-5p	0.00	mmu-mir-130a	0.00	0	0
mmu-miR-130a-3p	1.00	mmu-mir-130a	1.00	1.00	173.88
mmu-miR-130b-5p	0.00	mmu-mir-130b	0.00	0	0
mmu-miR-130b-3p	0.00	mmu-mir-130b	0.00	0	0
mmu-miR-130c	0.00	mmu-mir-130c	0.00	0	0
mmu-miR-132-5p	0.00	mmu-mir-132	0.00	0	0
mmu-miR-132-3p	0.00	mmu-mir-132	0.00	0	0
mmu-miR-133a-5p	0.00	mmu-mir-133a-1	0.00	0	0
mmu-miR-133a-3p	0.00	mmu-mir-133a-1	0.00	0	0
mmu-miR-133a-5p	0.00	mmu-mir-133a-2	0.00	0	0
mmu-miR-133a-3p	0.00	mmu-mir-133a-2	0.00	0	0
mmu-miR-133b-5p	0.00	mmu-mir-133b	0.00	0	0
mmu-miR-133b-3p	0.00	mmu-mir-133b	0.00	0	0
mmu-miR-133c	0.00	mmu-mir-133c	0.00	0	0
mmu-miR-134-5p	2.00	mmu-mir-134	2.00	2.00	347.77
mmu-miR-134-3p	0.00	mmu-mir-134	0.00	0	0
mmu-miR-135a-5p	0.00	mmu-mir-135a-1	0.00	0	0
mmu-miR-135a-1-3p	0.00	mmu-mir-135a-1	0.00	0	0
mmu-miR-135a-5p	0.00	mmu-mir-135a-2	0.00	0	0
mmu-miR-135a-2-3p	0.00	mmu-mir-135a-2	0.00	0	0
mmu-miR-135b-5p	0.00	mmu-mir-135b	0.00	0	0
mmu-miR-135b-3p	0.00	mmu-mir-135b	0.00	0	0
mmu-miR-136-5p	0.00	mmu-mir-136	0.00	0	0
mmu-miR-136-3p	10.00	mmu-mir-136	10.00	10.00	1738.83
mmu-miR-137-5p	0.00	mmu-mir-137	0.00	0	0
mmu-miR-137-3p	0.00	mmu-mir-137	0.00	0	0
mmu-miR-138-5p	0.00	mmu-mir-138-1	0.00	0	0
mmu-miR-138-1-3p	0.00	mmu-mir-138-1	0.00	0	0
mmu-miR-138-5p	0.00	mmu-mir-138-2	0.00	0	0
mmu-miR-138-2-3p	0.00	mmu-mir-138-2	0.00	0	0
mmu-miR-139-5p	0.00	mmu-mir-139	0.00	0	0
mmu-miR-139-3p	0.00	mmu-mir-139	0.00	0	0
mmu-miR-140-5p	26.00	mmu-mir-140	26.00	26.00	4520.95
mmu-miR-140-3p	1976.00	mmu-mir-140	1976.00	1976.00	343592.42
mmu-miR-141-5p	0.00	mmu-mir-141	0.00	0	0
mmu-miR-141-3p	0.00	mmu-mir-141	0.00	0	0
mmu-miR-142a-5p	0.00	mmu-mir-142a	0.00	0	0
mmu-miR-142a-3p	0.00	mmu-mir-142a	0.00	0	0
mmu-miR-142b	0.00	mmu-mir-142b	0.00	0	0
mmu-miR-143-5p	0.00	mmu-mir-143	0.00	0	0
mmu-miR-143-3p	13.00	mmu-mir-143	13.00	13.00	2260.48
mmu-miR-144-5p	0.00	mmu-mir-144	0.00	0	0
mmu-miR-144-3p	0.00	mmu-mir-144	0.00	0	0
mmu-miR-145a-5p	7.00	mmu-mir-145a	7.00	7.00	1217.18
mmu-miR-145a-3p	0.00	mmu-mir-145a	0.00	0	0
mmu-miR-145b	0.00	mmu-mir-145b	0.00	0	0
mmu-miR-146a-5p	0.00	mmu-mir-146a	0.00	0	0
mmu-miR-146a-3p	0.00	mmu-mir-146a	0.00	0	0
mmu-miR-146b-5p	2.00	mmu-mir-146b	2.00	2.00	347.77
mmu-miR-146b-3p	0.00	mmu-mir-146b	0.00	0	0
mmu-miR-147-5p	0.00	mmu-mir-147	0.00	0	0
mmu-miR-147-3p	0.00	mmu-mir-147	0.00	0	0
mmu-miR-148a-5p	0.00	mmu-mir-148a	0.00	0	0
mmu-miR-148a-3p	369.00	mmu-mir-148a	369.00	369.00	64162.75
mmu-miR-148b-5p	0.00	mmu-mir-148b	0.00	0	0
mmu-miR-148b-3p	0.00	mmu-mir-148b	0.00	0	0
mmu-miR-149-5p	0.00	mmu-mir-149	0.00	0	0
mmu-miR-149-3p	0.00	mmu-mir-149	0.00	0	0
mmu-miR-150-5p	0.00	mmu-mir-150	0.00	0	0
mmu-miR-150-3p	0.00	mmu-mir-150	0.00	0	0
mmu-miR-151-5p	3.00	mmu-mir-151	3.00	3.00	521.65
mmu-miR-151-3p	8.00	mmu-mir-151	8.00	8.00	1391.06
mmu-miR-152-5p	0.00	mmu-mir-152	0.00	0	0
mmu-miR-152-3p	17.00	mmu-mir-152	17.00	17.00	2956.01
mmu-miR-153-5p	0.00	mmu-mir-153	0.00	0	0
mmu-miR-153-3p	0.00	mmu-mir-153	0.00	0	0
mmu-miR-154-5p	1.00	mmu-mir-154	1.00	1.00	173.88
mmu-miR-154-3p	0.00	mmu-mir-154	0.00	0	0
mmu-miR-155-5p	0.00	mmu-mir-155	0.00	0	0
mmu-miR-155-3p	0.00	mmu-mir-155	0.00	0	0
mmu-miR-15a-5p	0.00	mmu-mir-15a	0.00	0	0
mmu-miR-15a-3p	0.00	mmu-mir-15a	0.00	0	0
mmu-miR-15b-5p	5.00	mmu-mir-15b	5.00	5.00	869.41
mmu-miR-15b-3p	0.00	mmu-mir-15b	0.00	0	0
mmu-miR-16-5p	13.00	mmu-mir-16-1	13.00	13.00	2260.48
mmu-miR-16-1-3p	0.00	mmu-mir-16-1	0.00	0	0
mmu-miR-16-5p	13.00	mmu-mir-16-2	13.00	13.00	2260.48
mmu-miR-16-2-3p	0.00	mmu-mir-16-2	0.00	0	0
mmu-miR-1668	0.00	mmu-mir-1668	0.00	0	0
mmu-miR-17-5p	0.00	mmu-mir-17	0.00	0	0
mmu-miR-17-3p	0.00	mmu-mir-17	0.00	0	0
mmu-miR-181a-5p	57.00	mmu-mir-181a-1	57.00	57.00	9911.32
mmu-miR-181a-1-3p	0.00	mmu-mir-181a-1	0.00	0	0
mmu-miR-181a-5p	56.00	mmu-mir-181a-2	56.00	56.00	9737.44
mmu-miR-181a-2-3p	0.00	mmu-mir-181a-2	0.00	0	0
mmu-miR-181b-5p	3.00	mmu-mir-181b-1	3.00	3.00	521.65
mmu-miR-181b-1-3p	0.00	mmu-mir-181b-1	0.00	0	0
mmu-miR-181b-5p	3.00	mmu-mir-181b-2	3.00	3.00	521.65
mmu-miR-181b-2-3p	0.00	mmu-mir-181b-2	0.00	0	0
mmu-miR-181c-5p	0.00	mmu-mir-181c	0.00	0	0
mmu-miR-181c-3p	0.00	mmu-mir-181c	0.00	0	0
mmu-miR-181d-5p	0.00	mmu-mir-181d	0.00	0	0
mmu-miR-181d-3p	0.00	mmu-mir-181d	0.00	0	0
mmu-miR-182-5p	0.00	mmu-mir-182	0.00	0	0
mmu-miR-182-3p	0.00	mmu-mir-182	0.00	0	0
mmu-miR-183-5p	0.00	mmu-mir-183	0.00	0	0
mmu-miR-183-3p	0.00	mmu-mir-183	0.00	0	0
mmu-miR-1839-5p	0.00	mmu-mir-1839	0.00	0	0
mmu-miR-1839-3p	0.00	mmu-mir-1839	0.00	0	0
mmu-miR-184-5p	0.00	mmu-mir-184	0.00	0	0
mmu-miR-184-3p	0.00	mmu-mir-184	0.00	0	0
mmu-miR-1843a-5p	0.00	mmu-mir-1843a	0.00	0	0
mmu-miR-1843a-3p	0.00	mmu-mir-1843a	0.00	0	0
mmu-miR-1843b-5p	0.00	mmu-mir-1843b	0.00	0	0
mmu-miR-1843b-3p	0.00	mmu-mir-1843b	0.00	0	0
mmu-miR-185-5p	0.00	mmu-mir-185	0.00	0	0
mmu-miR-185-3p	0.00	mmu-mir-185	0.00	0	0
mmu-miR-186-5p	0.00	mmu-mir-186	0.00	0	0
mmu-miR-186-3p	0.00	mmu-mir-186	0.00	0	0
mmu-miR-187-5p	0.00	mmu-mir-187	0.00	0	0
mmu-miR-187-3p	0.00	mmu-mir-187	0.00	0	0
mmu-miR-188-5p	0.00	mmu-mir-188	0.00	0	0
mmu-miR-188-3p	0.00	mmu-mir-188	0.00	0	0
mmu-miR-1892	0.00	mmu-mir-1892	0.00	0	0
mmu-miR-1893	0.00	mmu-mir-1893	0.00	0	0
mmu-miR-1894-5p	0.00	mmu-mir-1894	0.00	0	0
mmu-miR-1894-3p	0.00	mmu-mir-1894	0.00	0	0
mmu-miR-1895	0.00	mmu-mir-1895	0.00	0	0
mmu-miR-1896	0.00	mmu-mir-1896	0.00	0	0
mmu-miR-1897-5p	0.00	mmu-mir-1897	0.00	0	0
mmu-miR-1897-3p	0.00	mmu-mir-1897	0.00	0	0
mmu-miR-1898	0.00	mmu-mir-1898	0.00	0	0
mmu-miR-1899	0.00	mmu-mir-1899	0.00	0	0
mmu-miR-18a-5p	0.00	mmu-mir-18a	0.00	0	0
mmu-miR-18a-3p	0.00	mmu-mir-18a	0.00	0	0
mmu-miR-18b-5p	0.00	mmu-mir-18b	0.00	0	0
mmu-miR-18b-3p	0.00	mmu-mir-18b	0.00	0	0
mmu-miR-1900	0.00	mmu-mir-1900	0.00	0	0
mmu-miR-1901	0.00	mmu-mir-1901	0.00	0	0
mmu-miR-1902	0.00	mmu-mir-1902	0.00	0	0
mmu-miR-1903	0.00	mmu-mir-1903	0.00	0	0
mmu-miR-1904	0.00	mmu-mir-1904	0.00	0	0
mmu-miR-1905	0.00	mmu-mir-1905	0.00	0	0
mmu-miR-1906	0.00	mmu-mir-1906-1	0.00	0	0
mmu-miR-1906	0.00	mmu-mir-1906-2	0.00	0	0
mmu-miR-1907	0.00	mmu-mir-1907	0.00	0	0
mmu-miR-190a-5p	0.00	mmu-mir-190a	0.00	0	0
mmu-miR-190a-3p	0.00	mmu-mir-190a	0.00	0	0
mmu-miR-190b-5p	0.00	mmu-mir-190b	0.00	0	0
mmu-miR-190b-3p	0.00	mmu-mir-190b	0.00	0	0
mmu-miR-191-5p	28.00	mmu-mir-191	28.00	28.00	4868.72
mmu-miR-191-3p	0.00	mmu-mir-191	0.00	0	0
mmu-miR-1911-5p	0.00	mmu-mir-1911	0.00	0	0
mmu-miR-1911-3p	0.00	mmu-mir-1911	0.00	0	0
mmu-miR-1912-5p	0.00	mmu-mir-1912	0.00	0	0
mmu-miR-1912-3p	0.00	mmu-mir-1912	0.00	0	0
mmu-miR-192-5p	0.00	mmu-mir-192	0.00	0	0
mmu-miR-192-3p	0.00	mmu-mir-192	0.00	0	0
mmu-miR-1927	0.00	mmu-mir-1927	0.00	0	0
mmu-miR-1928	0.00	mmu-mir-1928	0.00	0	0
mmu-miR-1929-5p	0.00	mmu-mir-1929	0.00	0	0
mmu-miR-1929-3p	0.00	mmu-mir-1929	0.00	0	0
mmu-miR-1930-5p	0.00	mmu-mir-1930	0.00	0	0
mmu-miR-1930-3p	0.00	mmu-mir-1930	0.00	0	0
mmu-miR-1931	0.00	mmu-mir-1931	0.00	0	0
mmu-miR-1932	0.00	mmu-mir-1932	0.00	0	0
mmu-miR-1933-5p	0.00	mmu-mir-1933	0.00	0	0
mmu-miR-1933-3p	0.00	mmu-mir-1933	0.00	0	0
mmu-miR-1934-5p	0.00	mmu-mir-1934	0.00	0	0
mmu-miR-1934-3p	0.00	mmu-mir-1934	0.00	0	0
mmu-miR-1936	0.00	mmu-mir-1936	0.00	0	0
mmu-miR-1938	0.00	mmu-mir-1938	0.00	0	0
mmu-miR-193a-5p	0.00	mmu-mir-193a	0.00	0	0
mmu-miR-193a-3p	0.00	mmu-mir-193a	0.00	0	0
mmu-miR-193b-5p	0.00	mmu-mir-193b	0.00	0	0
mmu-miR-193b-3p	0.00	mmu-mir-193b	0.00	0	0
mmu-miR-194-5p	0.00	mmu-mir-194-1	0.00	0	0
mmu-miR-194-1-3p	0.00	mmu-mir-194-1	0.00	0	0
mmu-miR-194-5p	0.00	mmu-mir-194-2	0.00	0	0
mmu-miR-194-2-3p	0.00	mmu-mir-194-2	0.00	0	0
mmu-miR-1941-5p	0.00	mmu-mir-1941	0.00	0	0
mmu-miR-1941-3p	0.00	mmu-mir-1941	0.00	0	0
mmu-miR-1942	0.00	mmu-mir-1942	0.00	0	0
mmu-miR-1943-5p	0.00	mmu-mir-1943	0.00	0	0
mmu-miR-1943-3p	0.00	mmu-mir-1943	0.00	0	0
mmu-miR-1945	0.00	mmu-mir-1945	0.00	0	0
mmu-miR-1946a	0.00	mmu-mir-1946a	0.00	0	0
mmu-miR-1946b	0.00	mmu-mir-1946b	0.00	0	0
mmu-miR-1947-5p	0.00	mmu-mir-1947	0.00	0	0
mmu-miR-1947-3p	0.00	mmu-mir-1947	0.00	0	0
mmu-miR-1948-5p	0.00	mmu-mir-1948	0.00	0	0
mmu-miR-1948-3p	0.00	mmu-mir-1948	0.00	0	0
mmu-miR-1949	0.00	mmu-mir-1949	0.00	0	0
mmu-miR-1950	0.00	mmu-mir-1950	0.00	0	0
mmu-miR-1951	0.00	mmu-mir-1951	0.00	0	0
mmu-miR-1952	0.00	mmu-mir-1952	0.00	0	0
mmu-miR-1953	0.00	mmu-mir-1953	0.00	0	0
mmu-miR-1954	0.00	mmu-mir-1954	0.00	0	0
mmu-miR-1955-5p	0.00	mmu-mir-1955	0.00	0	0
mmu-miR-1955-3p	0.00	mmu-mir-1955	0.00	0	0
mmu-miR-1956	0.00	mmu-mir-1956	0.00	0	0
mmu-miR-1958	0.00	mmu-mir-1958	0.00	0	0
mmu-miR-195a-5p	0.00	mmu-mir-195a	0.00	0	0
mmu-miR-195a-3p	0.00	mmu-mir-195a	0.00	0	0
mmu-miR-195b	0.00	mmu-mir-195b	0.00	0	0
mmu-miR-1960	0.00	mmu-mir-1960	0.00	0	0
mmu-miR-1961	0.00	mmu-mir-1961	0.00	0	0
mmu-miR-1962	0.00	mmu-mir-1962	0.00	0	0
mmu-miR-1963	0.00	mmu-mir-1963	0.00	0	0
mmu-miR-1964-5p	0.00	mmu-mir-1964	0.00	0	0
mmu-miR-1964-3p	0.00	mmu-mir-1964	0.00	0	0
mmu-miR-1966-5p	0.00	mmu-mir-1966	0.00	0	0
mmu-miR-1966-3p	0.00	mmu-mir-1966	0.00	0	0
mmu-miR-1967	0.00	mmu-mir-1967	0.00	0	0
mmu-miR-1968-5p	0.00	mmu-mir-1968	0.00	0	0
mmu-miR-1968-3p	0.00	mmu-mir-1968	0.00	0	0
mmu-miR-1969	0.00	mmu-mir-1969	0.00	0	0
mmu-miR-196a-5p	0.00	mmu-mir-196a-1	0.00	0	0
mmu-miR-196a-1-3p	0.00	mmu-mir-196a-1	0.00	0	0
mmu-miR-196a-5p	0.00	mmu-mir-196a-2	0.00	0	0
mmu-miR-196a-2-3p	0.00	mmu-mir-196a-2	0.00	0	0
mmu-miR-196b-5p	0.00	mmu-mir-196b	0.00	0	0
mmu-miR-196b-3p	0.00	mmu-mir-196b	0.00	0	0
mmu-miR-1970	0.00	mmu-mir-1970	0.00	0	0
mmu-miR-1970b-5p	0.00	mmu-mir-1970b	0.00	0	0
mmu-miR-1970c-5p	0.00	mmu-mir-1970c	0.00	0	0
mmu-miR-1970c-3p	0.00	mmu-mir-1970c	0.00	0	0
mmu-miR-1971	0.00	mmu-mir-1971	0.00	0	0
mmu-miR-1981-5p	0.00	mmu-mir-1981	0.00	0	0
mmu-miR-1981-3p	0.00	mmu-mir-1981	0.00	0	0
mmu-miR-1982-5p	0.00	mmu-mir-1982	0.00	0	0
mmu-miR-1982-3p	0.00	mmu-mir-1982	0.00	0	0
mmu-miR-1983	0.00	mmu-mir-1983	0.00	0	0
mmu-miR-199a-5p	283.00	mmu-mir-199a-1	283.00	283.00	49208.83
mmu-miR-199a-3p	44.00	mmu-mir-199a-1	44.00	44.00	7650.84
mmu-miR-199a-5p	309.00	mmu-mir-199a-2	309.00	309.00	53729.79
mmu-miR-199a-3p	44.00	mmu-mir-199a-2	44.00	44.00	7650.84
mmu-miR-199b-5p	0.00	mmu-mir-199b	0.00	0	0
mmu-miR-199b-3p	44.00	mmu-mir-199b	44.00	44.00	7650.84
mmu-miR-19a-5p	0.00	mmu-mir-19a	0.00	0	0
mmu-miR-19a-3p	0.00	mmu-mir-19a	0.00	0	0
mmu-miR-19b-3p	1.00	mmu-mir-19b-1	1.00	1.00	173.88
mmu-miR-19b-1-5p	0.00	mmu-mir-19b-1	0.00	0	0
mmu-miR-19b-2-5p	0.00	mmu-mir-19b-2	0.00	0	0
mmu-miR-19b-3p	1.00	mmu-mir-19b-2	1.00	1.00	173.88
mmu-miR-1a-1-5p	0.00	mmu-mir-1a-1	0.00	0	0
mmu-miR-1a-3p	0.00	mmu-mir-1a-1	0.00	0	0
mmu-miR-1a-3p	0.00	mmu-mir-1a-2	0.00	0	0
mmu-miR-1a-2-5p	0.00	mmu-mir-1a-2	0.00	0	0
mmu-miR-1b-5p	0.00	mmu-mir-1b	0.00	0	0
mmu-miR-1b-3p	0.00	mmu-mir-1b	0.00	0	0
mmu-miR-200a-5p	0.00	mmu-mir-200a	0.00	0	0
mmu-miR-200a-3p	0.00	mmu-mir-200a	0.00	0	0
mmu-miR-200b-5p	0.00	mmu-mir-200b	0.00	0	0
mmu-miR-200b-3p	0.00	mmu-mir-200b	0.00	0	0
mmu-miR-200c-5p	0.00	mmu-mir-200c	0.00	0	0
mmu-miR-200c-3p	0.00	mmu-mir-200c	0.00	0	0
mmu-miR-201-5p	0.00	mmu-mir-201	0.00	0	0
mmu-miR-201-3p	0.00	mmu-mir-201	0.00	0	0
mmu-miR-202-5p	0.00	mmu-mir-202	0.00	0	0
mmu-miR-202-3p	0.00	mmu-mir-202	0.00	0	0
mmu-miR-203-5p	0.00	mmu-mir-203	0.00	0	0
mmu-miR-203-3p	0.00	mmu-mir-203	0.00	0	0
mmu-miR-203b-5p	0.00	mmu-mir-203b	0.00	0	0
mmu-miR-203b-3p	0.00	mmu-mir-203b	0.00	0	0
mmu-miR-204-5p	0.00	mmu-mir-204	0.00	0	0
mmu-miR-204-3p	0.00	mmu-mir-204	0.00	0	0
mmu-miR-205-5p	0.00	mmu-mir-205	0.00	0	0
mmu-miR-205-3p	0.00	mmu-mir-205	0.00	0	0
mmu-miR-206-5p	0.00	mmu-mir-206	0.00	0	0
mmu-miR-206-3p	0.00	mmu-mir-206	0.00	0	0
mmu-miR-207	0.00	mmu-mir-207	0.00	0	0
mmu-miR-208a-5p	0.00	mmu-mir-208a	0.00	0	0
mmu-miR-208a-3p	0.00	mmu-mir-208a	0.00	0	0
mmu-miR-208b-5p	0.00	mmu-mir-208b	0.00	0	0
mmu-miR-208b-3p	0.00	mmu-mir-208b	0.00	0	0
mmu-miR-20a-5p	0.00	mmu-mir-20a	0.00	0	0
mmu-miR-20a-3p	0.00	mmu-mir-20a	0.00	0	0
mmu-miR-20b-5p	0.00	mmu-mir-20b	0.00	0	0
mmu-miR-20b-3p	0.00	mmu-mir-20b	0.00	0	0
mmu-miR-210-5p	0.00	mmu-mir-210	0.00	0	0
mmu-miR-210-3p	0.00	mmu-mir-210	0.00	0	0
mmu-miR-211-5p	0.00	mmu-mir-211	0.00	0	0
mmu-miR-211-3p	0.00	mmu-mir-211	0.00	0	0
mmu-miR-212-5p	0.00	mmu-mir-212	0.00	0	0
mmu-miR-212-3p	0.00	mmu-mir-212	0.00	0	0
mmu-miR-2136	0.00	mmu-mir-2136	0.00	0	0
mmu-miR-2137	1.00	mmu-mir-2137	1.00	1.00	173.88
mmu-miR-2139	0.00	mmu-mir-2139	0.00	0	0
mmu-miR-214-5p	0.00	mmu-mir-214	0.00	0	0
mmu-miR-214-3p	86.00	mmu-mir-214	86.00	86.00	14953.92
mmu-miR-215-5p	0.00	mmu-mir-215	0.00	0	0
mmu-miR-215-3p	0.00	mmu-mir-215	0.00	0	0
mmu-miR-216a-5p	0.00	mmu-mir-216a	0.00	0	0
mmu-miR-216a-3p	0.00	mmu-mir-216a	0.00	0	0
mmu-miR-216b-5p	0.00	mmu-mir-216b	0.00	0	0
mmu-miR-216b-3p	0.00	mmu-mir-216b	0.00	0	0
mmu-miR-216c-5p	0.00	mmu-mir-216c	0.00	0	0
mmu-miR-216c-3p	0.00	mmu-mir-216c	0.00	0	0
mmu-miR-217-5p	0.00	mmu-mir-217	0.00	0	0
mmu-miR-217-3p	0.00	mmu-mir-217	0.00	0	0
mmu-miR-218-5p	0.00	mmu-mir-218-1	0.00	0	0
mmu-miR-218-1-3p	0.00	mmu-mir-218-1	0.00	0	0
mmu-miR-218-5p	0.00	mmu-mir-218-2	0.00	0	0
mmu-miR-218-2-3p	0.00	mmu-mir-218-2	0.00	0	0
mmu-miR-2183	0.00	mmu-mir-2183	0.00	0	0
mmu-miR-219a-5p	0.00	mmu-mir-219a-1	0.00	0	0
mmu-miR-219a-1-3p	0.00	mmu-mir-219a-1	0.00	0	0
mmu-miR-219a-5p	0.00	mmu-mir-219a-2	0.00	0	0
mmu-miR-219a-2-3p	0.00	mmu-mir-219a-2	0.00	0	0
mmu-miR-219b-5p	0.00	mmu-mir-219b	0.00	0	0
mmu-miR-219b-3p	0.00	mmu-mir-219b	0.00	0	0
mmu-miR-219c-5p	0.00	mmu-mir-219c	0.00	0	0
mmu-miR-219c-3p	0.00	mmu-mir-219c	0.00	0	0
mmu-miR-21a-5p	38.00	mmu-mir-21a	38.00	38.00	6607.55
mmu-miR-21a-3p	5.00	mmu-mir-21a	5.00	5.00	869.41
mmu-miR-21b	0.00	mmu-mir-21b	0.00	0	0
mmu-miR-21c	0.00	mmu-mir-21c	0.00	0	0
mmu-miR-22-5p	0.00	mmu-mir-22	0.00	0	0
mmu-miR-22-3p	1.00	mmu-mir-22	1.00	1.00	173.88
mmu-miR-221-5p	0.00	mmu-mir-221	0.00	0	0
mmu-miR-221-3p	0.00	mmu-mir-221	0.00	0	0
mmu-miR-222-5p	0.00	mmu-mir-222	0.00	0	0
mmu-miR-222-3p	0.00	mmu-mir-222	0.00	0	0
mmu-miR-223-5p	0.00	mmu-mir-223	0.00	0	0
mmu-miR-223-3p	0.00	mmu-mir-223	0.00	0	0
mmu-miR-224-5p	1.00	mmu-mir-224	1.00	1.00	173.88
mmu-miR-224-3p	0.00	mmu-mir-224	0.00	0	0
mmu-miR-23a-5p	0.00	mmu-mir-23a	0.00	0	0
mmu-miR-23a-3p	7.00	mmu-mir-23a	7.00	7.00	1217.18
mmu-miR-23b-5p	0.00	mmu-mir-23b	0.00	0	0
mmu-miR-23b-3p	19.00	mmu-mir-23b	19.00	19.00	3303.77
mmu-miR-24-1-5p	0.00	mmu-mir-24-1	0.00	0	0
mmu-miR-24-3p	0.00	mmu-mir-24-1	0.00	0	0
mmu-miR-24-3p	0.00	mmu-mir-24-2	0.00	0	0
mmu-miR-24-2-5p	12.00	mmu-mir-24-2	12.00	12.00	2086.59
mmu-miR-25-5p	0.00	mmu-mir-25	0.00	0	0
mmu-miR-25-3p	12.00	mmu-mir-25	12.00	12.00	2086.59
mmu-miR-26a-5p	62.00	mmu-mir-26a-1	62.00	62.00	10780.73
mmu-miR-26a-1-3p	0.00	mmu-mir-26a-1	0.00	0	0
mmu-miR-26a-5p	62.00	mmu-mir-26a-2	62.00	62.00	10780.73
mmu-miR-26a-2-3p	0.00	mmu-mir-26a-2	0.00	0	0
mmu-miR-26b-5p	1.00	mmu-mir-26b	1.00	1.00	173.88
mmu-miR-26b-3p	0.00	mmu-mir-26b	0.00	0	0
mmu-miR-27a-5p	0.00	mmu-mir-27a	0.00	0	0
mmu-miR-27a-3p	1.00	mmu-mir-27a	1.00	1.00	173.88
mmu-miR-27b-5p	0.00	mmu-mir-27b	0.00	0	0
mmu-miR-27b-3p	52.00	mmu-mir-27b	52.00	52.00	9041.91
mmu-miR-2861	0.00	mmu-mir-2861	0.00	0	0
mmu-miR-28a-5p	0.00	mmu-mir-28a	0.00	0	0
mmu-miR-28a-3p	0.00	mmu-mir-28a	0.00	0	0
mmu-miR-28b	0.00	mmu-mir-28b	0.00	0	0
mmu-miR-28c	0.00	mmu-mir-28c	0.00	0	0
mmu-miR-290a-5p	0.00	mmu-mir-290a	0.00	0	0
mmu-miR-290a-3p	0.00	mmu-mir-290a	0.00	0	0
mmu-miR-290b-5p	0.00	mmu-mir-290b	0.00	0	0
mmu-miR-290b-3p	0.00	mmu-mir-290b	0.00	0	0
mmu-miR-291a-5p	0.00	mmu-mir-291a	0.00	0	0
mmu-miR-291a-3p	0.00	mmu-mir-291a	0.00	0	0
mmu-miR-291b-5p	0.00	mmu-mir-291b	0.00	0	0
mmu-miR-291b-3p	0.00	mmu-mir-291b	0.00	0	0
mmu-miR-292a-5p	0.00	mmu-mir-292a	0.00	0	0
mmu-miR-292a-3p	0.00	mmu-mir-292a	0.00	0	0
mmu-miR-292b-5p	0.00	mmu-mir-292b	0.00	0	0
mmu-miR-292b-3p	0.00	mmu-mir-292b	0.00	0	0
mmu-miR-293-5p	0.00	mmu-mir-293	0.00	0	0
mmu-miR-293-3p	0.00	mmu-mir-293	0.00	0	0
mmu-miR-294-5p	0.00	mmu-mir-294	0.00	0	0
mmu-miR-294-3p	0.00	mmu-mir-294	0.00	0	0
mmu-miR-295-5p	0.00	mmu-mir-295	0.00	0	0
mmu-miR-295-3p	0.00	mmu-mir-295	0.00	0	0
mmu-miR-296-5p	0.00	mmu-mir-296	0.00	0	0
mmu-miR-296-3p	10.00	mmu-mir-296	10.00	10.00	1738.83
mmu-miR-297a-5p	0.00	mmu-mir-297a-1	0.00	0	0
mmu-miR-297a-5p	0.00	mmu-mir-297a-2	0.00	0	0
mmu-miR-297a-5p	0.00	mmu-mir-297a-3	0.00	0	0
mmu-miR-297a-3p	0.00	mmu-mir-297a-3	0.00	0	0
mmu-miR-297a-5p	0.00	mmu-mir-297a-4	0.00	0	0
mmu-miR-297a-3p	0.00	mmu-mir-297a-4	0.00	0	0
mmu-miR-297b-5p	0.00	mmu-mir-297b	0.00	0	0
mmu-miR-297b-3p	0.00	mmu-mir-297b	0.00	0	0
mmu-miR-297c-5p	0.00	mmu-mir-297c	0.00	0	0
mmu-miR-297c-3p	0.00	mmu-mir-297c	0.00	0	0
mmu-miR-298-5p	2.00	mmu-mir-298	2.00	2.00	347.77
mmu-miR-298-3p	0.00	mmu-mir-298	0.00	0	0
mmu-miR-299a-5p	0.00	mmu-mir-299a	0.00	0	0
mmu-miR-299a-3p	0.00	mmu-mir-299a	0.00	0	0
mmu-miR-299b-5p	0.00	mmu-mir-299b	0.00	0	0
mmu-miR-299b-3p	0.00	mmu-mir-299b	0.00	0	0
mmu-miR-29a-5p	0.00	mmu-mir-29a	0.00	0	0
mmu-miR-29a-3p	3.00	mmu-mir-29a	3.00	3.00	521.65
mmu-miR-29b-1-5p	0.00	mmu-mir-29b-1	0.00	0	0
mmu-miR-29b-3p	0.00	mmu-mir-29b-1	0.00	0	0
mmu-miR-29b-3p	0.00	mmu-mir-29b-2	0.00	0	0
mmu-miR-29b-2-5p	0.00	mmu-mir-29b-2	0.00	0	0
mmu-miR-29c-5p	0.00	mmu-mir-29c	0.00	0	0
mmu-miR-29c-3p	0.00	mmu-mir-29c	0.00	0	0
mmu-miR-300-5p	0.00	mmu-mir-300	0.00	0	0
mmu-miR-300-3p	1.00	mmu-mir-300	1.00	1.00	173.88
mmu-miR-301a-5p	0.00	mmu-mir-301a	0.00	0	0
mmu-miR-301a-3p	0.00	mmu-mir-301a	0.00	0	0
mmu-miR-301b-5p	0.00	mmu-mir-301b	0.00	0	0
mmu-miR-301b-3p	0.00	mmu-mir-301b	0.00	0	0
mmu-miR-302a-5p	0.00	mmu-mir-302a	0.00	0	0
mmu-miR-302a-3p	0.00	mmu-mir-302a	0.00	0	0
mmu-miR-302b-5p	0.00	mmu-mir-302b	0.00	0	0
mmu-miR-302b-3p	0.00	mmu-mir-302b	0.00	0	0
mmu-miR-302c-5p	0.00	mmu-mir-302c	0.00	0	0
mmu-miR-302c-3p	0.00	mmu-mir-302c	0.00	0	0
mmu-miR-302d-5p	0.00	mmu-mir-302d	0.00	0	0
mmu-miR-302d-3p	0.00	mmu-mir-302d	0.00	0	0
mmu-miR-3057-5p	0.00	mmu-mir-3057	0.00	0	0
mmu-miR-3057-3p	0.00	mmu-mir-3057	0.00	0	0
mmu-miR-3058-5p	0.00	mmu-mir-3058	0.00	0	0
mmu-miR-3058-3p	0.00	mmu-mir-3058	0.00	0	0
mmu-miR-3059-5p	0.00	mmu-mir-3059	0.00	0	0
mmu-miR-3059-3p	0.00	mmu-mir-3059	0.00	0	0
mmu-miR-3060-5p	0.00	mmu-mir-3060	0.00	0	0
mmu-miR-3060-3p	0.00	mmu-mir-3060	0.00	0	0
mmu-miR-3061-5p	0.00	mmu-mir-3061	0.00	0	0
mmu-miR-3061-3p	0.00	mmu-mir-3061	0.00	0	0
mmu-miR-3062-5p	0.00	mmu-mir-3062	0.00	0	0
mmu-miR-3062-3p	0.00	mmu-mir-3062	0.00	0	0
mmu-miR-3063-5p	0.00	mmu-mir-3063	0.00	0	0
mmu-miR-3063-3p	0.00	mmu-mir-3063	0.00	0	0
mmu-miR-3064-5p	0.00	mmu-mir-3064	0.00	0	0
mmu-miR-3064-3p	0.00	mmu-mir-3064	0.00	0	0
mmu-miR-3065-5p	0.00	mmu-mir-3065	0.00	0	0
mmu-miR-3065-3p	0.00	mmu-mir-3065	0.00	0	0
mmu-miR-3066-5p	0.00	mmu-mir-3066	0.00	0	0
mmu-miR-3066-3p	0.00	mmu-mir-3066	0.00	0	0
mmu-miR-3067-5p	0.00	mmu-mir-3067	0.00	0	0
mmu-miR-3067-3p	0.00	mmu-mir-3067	0.00	0	0
mmu-miR-3068-5p	0.00	mmu-mir-3068	0.00	0	0
mmu-miR-3068-3p	0.00	mmu-mir-3068	0.00	0	0
mmu-miR-3069-5p	0.00	mmu-mir-3069	0.00	0	0
mmu-miR-3069-3p	0.00	mmu-mir-3069	0.00	0	0
mmu-miR-3070-5p	0.00	mmu-mir-3070-1	0.00	0	0
mmu-miR-3070-3p	0.00	mmu-mir-3070-1	0.00	0	0
mmu-miR-3070-5p	0.00	mmu-mir-3070-2	0.00	0	0
mmu-miR-3070-2-3p	0.00	mmu-mir-3070-2	0.00	0	0
mmu-miR-3071-5p	0.00	mmu-mir-3071	0.00	0	0
mmu-miR-3071-3p	0.00	mmu-mir-3071	0.00	0	0
mmu-miR-3072-5p	0.00	mmu-mir-3072	0.00	0	0
mmu-miR-3072-3p	0.00	mmu-mir-3072	0.00	0	0
mmu-miR-3073a-5p	0.00	mmu-mir-3073a	0.00	0	0
mmu-miR-3073a-3p	0.00	mmu-mir-3073a	0.00	0	0
mmu-miR-3073b-5p	0.00	mmu-mir-3073b	0.00	0	0
mmu-miR-3073b-3p	0.00	mmu-mir-3073b	0.00	0	0
mmu-miR-3074-5p	0.00	mmu-mir-3074-1	0.00	0	0
mmu-miR-3074-1-3p	0.00	mmu-mir-3074-1	0.00	0	0
mmu-miR-3074-5p	0.00	mmu-mir-3074-2	0.00	0	0
mmu-miR-3074-2-3p	0.00	mmu-mir-3074-2	0.00	0	0
mmu-miR-3075-5p	0.00	mmu-mir-3075	0.00	0	0
mmu-miR-3075-3p	0.00	mmu-mir-3075	0.00	0	0
mmu-miR-3076-5p	0.00	mmu-mir-3076	0.00	0	0
mmu-miR-3076-3p	0.00	mmu-mir-3076	0.00	0	0
mmu-miR-3077-5p	0.00	mmu-mir-3077	0.00	0	0
mmu-miR-3077-3p	0.00	mmu-mir-3077	0.00	0	0
mmu-miR-3078-5p	0.00	mmu-mir-3078	0.00	0	0
mmu-miR-3078-3p	0.00	mmu-mir-3078	0.00	0	0
mmu-miR-3079-5p	0.00	mmu-mir-3079	0.00	0	0
mmu-miR-3079-3p	0.00	mmu-mir-3079	0.00	0	0
mmu-miR-3080-5p	0.00	mmu-mir-3080	0.00	0	0
mmu-miR-3080-3p	0.00	mmu-mir-3080	0.00	0	0
mmu-miR-3081-5p	0.00	mmu-mir-3081	0.00	0	0
mmu-miR-3081-3p	0.00	mmu-mir-3081	0.00	0	0
mmu-miR-3082-5p	0.00	mmu-mir-3082	0.00	0	0
mmu-miR-3082-3p	0.00	mmu-mir-3082	0.00	0	0
mmu-miR-3083-5p	0.00	mmu-mir-3083	0.00	0	0
mmu-miR-3083-3p	0.00	mmu-mir-3083	0.00	0	0
mmu-miR-3083b-5p	0.00	mmu-mir-3083b	0.00	0	0
mmu-miR-3083b-3p	0.00	mmu-mir-3083b	0.00	0	0
mmu-miR-3084-5p	0.00	mmu-mir-3084-1	0.00	0	0
mmu-miR-3084-3p	0.00	mmu-mir-3084-1	0.00	0	0
mmu-miR-3084-5p	0.00	mmu-mir-3084-2	0.00	0	0
mmu-miR-3084-3p	0.00	mmu-mir-3084-2	0.00	0	0
mmu-miR-3085-5p	0.00	mmu-mir-3085	0.00	0	0
mmu-miR-3085-3p	0.00	mmu-mir-3085	0.00	0	0
mmu-miR-3086-5p	0.00	mmu-mir-3086	0.00	0	0
mmu-miR-3086-3p	0.00	mmu-mir-3086	0.00	0	0
mmu-miR-3087-5p	0.00	mmu-mir-3087	0.00	0	0
mmu-miR-3087-3p	0.00	mmu-mir-3087	0.00	0	0
mmu-miR-3088-5p	0.00	mmu-mir-3088	0.00	0	0
mmu-miR-3088-3p	0.00	mmu-mir-3088	0.00	0	0
mmu-miR-3089-5p	0.00	mmu-mir-3089	0.00	0	0
mmu-miR-3089-3p	0.00	mmu-mir-3089	0.00	0	0
mmu-miR-3090-5p	0.00	mmu-mir-3090	0.00	0	0
mmu-miR-3090-3p	0.00	mmu-mir-3090	0.00	0	0
mmu-miR-3091-5p	0.00	mmu-mir-3091	0.00	0	0
mmu-miR-3091-3p	0.00	mmu-mir-3091	0.00	0	0
mmu-miR-3092-5p	0.00	mmu-mir-3092	0.00	0	0
mmu-miR-3092-3p	0.00	mmu-mir-3092	0.00	0	0
mmu-miR-3093-5p	0.00	mmu-mir-3093	0.00	0	0
mmu-miR-3093-3p	0.00	mmu-mir-3093	0.00	0	0
mmu-miR-3094-5p	0.00	mmu-mir-3094	0.00	0	0
mmu-miR-3094-3p	0.00	mmu-mir-3094	0.00	0	0
mmu-miR-3095-5p	0.00	mmu-mir-3095	0.00	0	0
mmu-miR-3095-3p	0.00	mmu-mir-3095	0.00	0	0
mmu-miR-3097-5p	0.00	mmu-mir-3097	0.00	0	0
mmu-miR-3097-3p	0.00	mmu-mir-3097	0.00	0	0
mmu-miR-3098-5p	0.00	mmu-mir-3098	0.00	0	0
mmu-miR-3098-3p	0.00	mmu-mir-3098	0.00	0	0
mmu-miR-3099-5p	0.00	mmu-mir-3099	0.00	0	0
mmu-miR-3099-3p	0.00	mmu-mir-3099	0.00	0	0
mmu-miR-30a-5p	23.00	mmu-mir-30a	23.00	23.00	3999.30
mmu-miR-30a-3p	2.00	mmu-mir-30a	2.00	2.00	347.77
mmu-miR-30b-5p	1.00	mmu-mir-30b	1.00	1.00	173.88
mmu-miR-30b-3p	0.00	mmu-mir-30b	0.00	0	0
mmu-miR-30c-5p	0.00	mmu-mir-30c-1	0.00	0	0
mmu-miR-30c-1-3p	0.00	mmu-mir-30c-1	0.00	0	0
mmu-miR-30c-5p	0.00	mmu-mir-30c-2	0.00	0	0
mmu-miR-30c-2-3p	0.00	mmu-mir-30c-2	0.00	0	0
mmu-miR-30d-5p	18.00	mmu-mir-30d	18.00	18.00	3129.89
mmu-miR-30d-3p	0.00	mmu-mir-30d	0.00	0	0
mmu-miR-30e-5p	1.00	mmu-mir-30e	1.00	1.00	173.88
mmu-miR-30e-3p	0.00	mmu-mir-30e	0.00	0	0
mmu-miR-30f	0.00	mmu-mir-30f	0.00	0	0
mmu-miR-31-5p	6.00	mmu-mir-31	6.00	6.00	1043.30
mmu-miR-31-3p	0.00	mmu-mir-31	0.00	0	0
mmu-miR-3100-5p	0.00	mmu-mir-3100	0.00	0	0
mmu-miR-3100-3p	0.00	mmu-mir-3100	0.00	0	0
mmu-miR-3101-5p	0.00	mmu-mir-3101	0.00	0	0
mmu-miR-3101-3p	0.00	mmu-mir-3101	0.00	0	0
mmu-miR-3102-5p	0.00	mmu-mir-3102	0.00	0	0
mmu-miR-3102-5p.2-5p	0.00	mmu-mir-3102	0.00	0	0
mmu-miR-3102-3p.2-3p	0.00	mmu-mir-3102	0.00	0	0
mmu-miR-3102-3p	0.00	mmu-mir-3102	0.00	0	0
mmu-miR-3103-5p	0.00	mmu-mir-3103	0.00	0	0
mmu-miR-3103-3p	0.00	mmu-mir-3103	0.00	0	0
mmu-miR-3104-5p	0.00	mmu-mir-3104	0.00	0	0
mmu-miR-3104-3p	0.00	mmu-mir-3104	0.00	0	0
mmu-miR-3105-5p	0.00	mmu-mir-3105	0.00	0	0
mmu-miR-3105-3p	0.00	mmu-mir-3105	0.00	0	0
mmu-miR-3106-5p	0.00	mmu-mir-3106	0.00	0	0
mmu-miR-3106-3p	0.00	mmu-mir-3106	0.00	0	0
mmu-miR-3108-5p	0.00	mmu-mir-3108	0.00	0	0
mmu-miR-3108-3p	0.00	mmu-mir-3108	0.00	0	0
mmu-miR-3109-5p	0.00	mmu-mir-3109	0.00	0	0
mmu-miR-3109-3p	0.00	mmu-mir-3109	0.00	0	0
mmu-miR-3110-5p	0.00	mmu-mir-3110	0.00	0	0
mmu-miR-3110-3p	0.00	mmu-mir-3110	0.00	0	0
mmu-miR-3112-5p	0.00	mmu-mir-3112	0.00	0	0
mmu-miR-3112-3p	0.00	mmu-mir-3112	0.00	0	0
mmu-miR-3113-5p	0.00	mmu-mir-3113	0.00	0	0
mmu-miR-3113-3p	0.00	mmu-mir-3113	0.00	0	0
mmu-miR-3154	0.00	mmu-mir-3154	0.00	0	0
mmu-miR-32-5p	2.00	mmu-mir-32	2.00	2.00	347.77
mmu-miR-32-3p	0.00	mmu-mir-32	0.00	0	0
mmu-miR-320-5p	0.00	mmu-mir-320	0.00	0	0
mmu-miR-320-3p	0.00	mmu-mir-320	0.00	0	0
mmu-miR-322-5p	0.00	mmu-mir-322	0.00	0	0
mmu-miR-322-3p	0.00	mmu-mir-322	0.00	0	0
mmu-miR-323-5p	0.00	mmu-mir-323	0.00	0	0
mmu-miR-323-3p	3.00	mmu-mir-323	3.00	3.00	521.65
mmu-miR-324-5p	0.00	mmu-mir-324	0.00	0	0
mmu-miR-324-3p	0.00	mmu-mir-324	0.00	0	0
mmu-miR-325-5p	0.00	mmu-mir-325	0.00	0	0
mmu-miR-325-3p	0.00	mmu-mir-325	0.00	0	0
mmu-miR-326-5p	0.00	mmu-mir-326	0.00	0	0
mmu-miR-326-3p	0.00	mmu-mir-326	0.00	0	0
mmu-miR-327	0.00	mmu-mir-327	0.00	0	0
mmu-miR-328-5p	0.00	mmu-mir-328	0.00	0	0
mmu-miR-328-3p	0.00	mmu-mir-328	0.00	0	0
mmu-miR-329-5p	0.00	mmu-mir-329	0.00	0	0
mmu-miR-329-3p	0.00	mmu-mir-329	0.00	0	0
mmu-miR-33-5p	0.00	mmu-mir-33	0.00	0	0
mmu-miR-33-3p	0.00	mmu-mir-33	0.00	0	0
mmu-miR-330-5p	0.00	mmu-mir-330	0.00	0	0
mmu-miR-330-3p	0.00	mmu-mir-330	0.00	0	0
mmu-miR-331-5p	0.00	mmu-mir-331	0.00	0	0
mmu-miR-331-3p	0.00	mmu-mir-331	0.00	0	0
mmu-miR-335-5p	0.00	mmu-mir-335	0.00	0	0
mmu-miR-335-3p	1.00	mmu-mir-335	1.00	1.00	173.88
mmu-miR-337-5p	0.00	mmu-mir-337	0.00	0	0
mmu-miR-337-3p	0.00	mmu-mir-337	0.00	0	0
mmu-miR-338-5p	0.00	mmu-mir-338	0.00	0	0
mmu-miR-338-3p	0.00	mmu-mir-338	0.00	0	0
mmu-miR-339-5p	0.00	mmu-mir-339	0.00	0	0
mmu-miR-339-3p	0.00	mmu-mir-339	0.00	0	0
mmu-miR-340-5p	0.00	mmu-mir-340	0.00	0	0
mmu-miR-340-3p	0.00	mmu-mir-340	0.00	0	0
mmu-miR-341-5p	0.00	mmu-mir-341	0.00	0	0
mmu-miR-341-3p	0.00	mmu-mir-341	0.00	0	0
mmu-miR-342-5p	0.00	mmu-mir-342	0.00	0	0
mmu-miR-342-3p	2.00	mmu-mir-342	2.00	2.00	347.77
mmu-miR-343	0.00	mmu-mir-343	0.00	0	0
mmu-miR-344-5p	0.00	mmu-mir-344-1	0.00	0	0
mmu-miR-344-3p	0.00	mmu-mir-344-1	0.00	0	0
mmu-miR-344-5p	0.00	mmu-mir-344-2	0.00	0	0
mmu-miR-344-3p	0.00	mmu-mir-344-2	0.00	0	0
mmu-miR-344b-5p	0.00	mmu-mir-344b	0.00	0	0
mmu-miR-344b-3p	0.00	mmu-mir-344b	0.00	0	0
mmu-miR-344c-5p	0.00	mmu-mir-344c	0.00	0	0
mmu-miR-344c-3p	0.00	mmu-mir-344c	0.00	0	0
mmu-miR-344d-3p	0.00	mmu-mir-344d-1	0.00	0	0
mmu-miR-344d-1-5p	0.00	mmu-mir-344d-1	0.00	0	0
mmu-miR-344d-3p	0.00	mmu-mir-344d-2	0.00	0	0
mmu-miR-344d-2-5p	0.00	mmu-mir-344d-2	0.00	0	0
mmu-miR-344d-3-5p	0.00	mmu-mir-344d-3	0.00	0	0
mmu-miR-344d-3p	0.00	mmu-mir-344d-3	0.00	0	0
mmu-miR-344e-5p	0.00	mmu-mir-344e	0.00	0	0
mmu-miR-344e-3p	0.00	mmu-mir-344e	0.00	0	0
mmu-miR-344f-5p	0.00	mmu-mir-344f	0.00	0	0
mmu-miR-344f-3p	0.00	mmu-mir-344f	0.00	0	0
mmu-miR-344g-5p	0.00	mmu-mir-344g	0.00	0	0
mmu-miR-344g-3p	0.00	mmu-mir-344g	0.00	0	0
mmu-miR-344h-5p	0.00	mmu-mir-344h-1	0.00	0	0
mmu-miR-344h-3p	0.00	mmu-mir-344h-1	0.00	0	0
mmu-miR-344h-5p	0.00	mmu-mir-344h-2	0.00	0	0
mmu-miR-344h-3p	0.00	mmu-mir-344h-2	0.00	0	0
mmu-miR-344i	0.00	mmu-mir-344i	0.00	0	0
mmu-miR-345-5p	0.00	mmu-mir-345	0.00	0	0
mmu-miR-345-3p	0.00	mmu-mir-345	0.00	0	0
mmu-miR-346-5p	0.00	mmu-mir-346	0.00	0	0
mmu-miR-346-3p	0.00	mmu-mir-346	0.00	0	0
mmu-miR-3470a	0.00	mmu-mir-3470a	0.00	0	0
mmu-miR-3470b	0.00	mmu-mir-3470b	0.00	0	0
mmu-miR-3471	0.00	mmu-mir-3471-1	0.00	0	0
mmu-miR-3471	0.00	mmu-mir-3471-2	0.00	0	0
mmu-miR-3472	0.00	mmu-mir-3472	0.00	0	0
mmu-miR-3473a	0.00	mmu-mir-3473a	0.00	0	0
mmu-miR-3473b	0.00	mmu-mir-3473b	0.00	0	0
mmu-miR-3473c	0.00	mmu-mir-3473c	0.00	0	0
mmu-miR-3473d	0.00	mmu-mir-3473d	0.00	0	0
mmu-miR-3473e	0.00	mmu-mir-3473e	0.00	0	0
mmu-miR-3473f	0.00	mmu-mir-3473f	0.00	0	0
mmu-miR-3473g	0.00	mmu-mir-3473g	0.00	0	0
mmu-miR-3473h-5p	0.00	mmu-mir-3473h	0.00	0	0
mmu-miR-3474	0.00	mmu-mir-3474	0.00	0	0
mmu-miR-3475-5p	0.00	mmu-mir-3475	0.00	0	0
mmu-miR-3475-3p	0.00	mmu-mir-3475	0.00	0	0
mmu-miR-34a-5p	0.00	mmu-mir-34a	0.00	0	0
mmu-miR-34a-3p	0.00	mmu-mir-34a	0.00	0	0
mmu-miR-34b-5p	0.00	mmu-mir-34b	0.00	0	0
mmu-miR-34b-3p	0.00	mmu-mir-34b	0.00	0	0
mmu-miR-34c-5p	0.00	mmu-mir-34c	0.00	0	0
mmu-miR-34c-3p	0.00	mmu-mir-34c	0.00	0	0
mmu-miR-350-5p	0.00	mmu-mir-350	0.00	0	0
mmu-miR-350-3p	0.00	mmu-mir-350	0.00	0	0
mmu-miR-351-5p	2.00	mmu-mir-351	2.00	2.00	347.77
mmu-miR-351-3p	5.00	mmu-mir-351	5.00	5.00	869.41
mmu-miR-3535	0.00	mmu-mir-3535	0.00	0	0
mmu-miR-3544-5p	0.00	mmu-mir-3544	0.00	0	0
mmu-miR-3544-3p	0.00	mmu-mir-3544	0.00	0	0
mmu-miR-3547-5p	0.00	mmu-mir-3547	0.00	0	0
mmu-miR-3547-3p	0.00	mmu-mir-3547	0.00	0	0
mmu-miR-3552	0.00	mmu-mir-3552	0.00	0	0
mmu-miR-3569-5p	0.00	mmu-mir-3569	0.00	0	0
mmu-miR-3569-3p	0.00	mmu-mir-3569	0.00	0	0
mmu-miR-3572-5p	0.00	mmu-mir-3572	0.00	0	0
mmu-miR-3572-3p	0.00	mmu-mir-3572	0.00	0	0
mmu-miR-361-5p	0.00	mmu-mir-361	0.00	0	0
mmu-miR-361-3p	0.00	mmu-mir-361	0.00	0	0
mmu-miR-3618-5p	0.00	mmu-mir-3618	0.00	0	0
mmu-miR-3618-3p	0.00	mmu-mir-3618	0.00	0	0
mmu-miR-362-5p	0.00	mmu-mir-362	0.00	0	0
mmu-miR-362-3p	0.00	mmu-mir-362	0.00	0	0
mmu-miR-3620-5p	0.00	mmu-mir-3620	0.00	0	0
mmu-miR-3620-3p	0.00	mmu-mir-3620	0.00	0	0
mmu-miR-363-5p	0.00	mmu-mir-363	0.00	0	0
mmu-miR-363-3p	0.00	mmu-mir-363	0.00	0	0
mmu-miR-365-1-5p	0.00	mmu-mir-365-1	0.00	0	0
mmu-miR-365-3p	0.00	mmu-mir-365-1	0.00	0	0
mmu-miR-365-3p	0.00	mmu-mir-365-2	0.00	0	0
mmu-miR-365-2-5p	0.00	mmu-mir-365-2	0.00	0	0
mmu-miR-367-5p	0.00	mmu-mir-367	0.00	0	0
mmu-miR-367-3p	0.00	mmu-mir-367	0.00	0	0
mmu-miR-369-5p	0.00	mmu-mir-369	0.00	0	0
mmu-miR-369-3p	0.00	mmu-mir-369	0.00	0	0
mmu-miR-370-5p	0.00	mmu-mir-370	0.00	0	0
mmu-miR-370-3p	5.00	mmu-mir-370	5.00	5.00	869.41
mmu-miR-374b-5p	0.00	mmu-mir-374b	0.00	0	0
mmu-miR-374b-3p	0.00	mmu-mir-374b	0.00	0	0
mmu-miR-374c-5p	0.00	mmu-mir-374c	0.00	0	0
mmu-miR-374c-3p	0.00	mmu-mir-374c	0.00	0	0
mmu-miR-375-5p	0.00	mmu-mir-375	0.00	0	0
mmu-miR-375-3p	0.00	mmu-mir-375	0.00	0	0
mmu-miR-376a-5p	0.00	mmu-mir-376a	0.00	0	0
mmu-miR-376a-3p	0.00	mmu-mir-376a	0.00	0	0
mmu-miR-376b-5p	0.00	mmu-mir-376b	0.00	0	0
mmu-miR-376b-3p	0.00	mmu-mir-376b	0.00	0	0
mmu-miR-376c-5p	0.00	mmu-mir-376c	0.00	0	0
mmu-miR-376c-3p	0.00	mmu-mir-376c	0.00	0	0
mmu-miR-377-5p	0.00	mmu-mir-377	0.00	0	0
mmu-miR-377-3p	0.00	mmu-mir-377	0.00	0	0
mmu-miR-378a-5p	0.00	mmu-mir-378a	0.00	0	0
mmu-miR-378a-3p	27.00	mmu-mir-378a	27.00	27.00	4694.84
mmu-miR-378b	8.00	mmu-mir-378b	8.00	8.00	1391.06
mmu-miR-378c	1.00	mmu-mir-378c	1.00	1.00	173.88
mmu-miR-378d	0.00	mmu-mir-378d	0.00	0	0
mmu-miR-379-5p	2.00	mmu-mir-379	2.00	2.00	347.77
mmu-miR-379-3p	0.00	mmu-mir-379	0.00	0	0
mmu-miR-380-5p	0.00	mmu-mir-380	0.00	0	0
mmu-miR-380-3p	0.00	mmu-mir-380	0.00	0	0
mmu-miR-381-5p	0.00	mmu-mir-381	0.00	0	0
mmu-miR-381-3p	0.00	mmu-mir-381	0.00	0	0
mmu-miR-382-5p	3.00	mmu-mir-382	3.00	3.00	521.65
mmu-miR-382-3p	1.00	mmu-mir-382	1.00	1.00	173.88
mmu-miR-383-5p	0.00	mmu-mir-383	0.00	0	0
mmu-miR-383-3p	0.00	mmu-mir-383	0.00	0	0
mmu-miR-384-5p	0.00	mmu-mir-384	0.00	0	0
mmu-miR-384-3p	0.00	mmu-mir-384	0.00	0	0
mmu-miR-3960	0.00	mmu-mir-3960	0.00	0	0
mmu-miR-3961	0.00	mmu-mir-3961	0.00	0	0
mmu-miR-3962	0.00	mmu-mir-3962	0.00	0	0
mmu-miR-3963	0.00	mmu-mir-3963	0.00	0	0
mmu-miR-3964	0.00	mmu-mir-3964	0.00	0	0
mmu-miR-3965	0.00	mmu-mir-3965	0.00	0	0
mmu-miR-3966	0.00	mmu-mir-3966	0.00	0	0
mmu-miR-3967	0.00	mmu-mir-3967	0.00	0	0
mmu-miR-3968	0.00	mmu-mir-3968	0.00	0	0
mmu-miR-3969	0.00	mmu-mir-3969	0.00	0	0
mmu-miR-3970	0.00	mmu-mir-3970	0.00	0	0
mmu-miR-3971	0.00	mmu-mir-3971	0.00	0	0
mmu-miR-409-5p	0.00	mmu-mir-409	0.00	0	0
mmu-miR-409-3p	5.00	mmu-mir-409	5.00	5.00	869.41
mmu-miR-410-5p	0.00	mmu-mir-410	0.00	0	0
mmu-miR-410-3p	0.00	mmu-mir-410	0.00	0	0
mmu-miR-411-5p	0.00	mmu-mir-411	0.00	0	0
mmu-miR-411-3p	5.00	mmu-mir-411	5.00	5.00	869.41
mmu-miR-412-5p	0.00	mmu-mir-412	0.00	0	0
mmu-miR-412-3p	0.00	mmu-mir-412	0.00	0	0
mmu-miR-421-5p	0.00	mmu-mir-421	0.00	0	0
mmu-miR-421-3p	0.00	mmu-mir-421	0.00	0	0
mmu-miR-423-5p	12.00	mmu-mir-423	12.00	12.00	2086.59
mmu-miR-423-3p	0.00	mmu-mir-423	0.00	0	0
mmu-miR-425-5p	0.00	mmu-mir-425	0.00	0	0
mmu-miR-425-3p	0.00	mmu-mir-425	0.00	0	0
mmu-miR-429-5p	0.00	mmu-mir-429	0.00	0	0
mmu-miR-429-3p	0.00	mmu-mir-429	0.00	0	0
mmu-miR-431-5p	1.00	mmu-mir-431	1.00	1.00	173.88
mmu-miR-431-3p	0.00	mmu-mir-431	0.00	0	0
mmu-miR-432	0.00	mmu-mir-432	0.00	0	0
mmu-miR-433-5p	0.00	mmu-mir-433	0.00	0	0
mmu-miR-433-3p	0.00	mmu-mir-433	0.00	0	0
mmu-miR-434-5p	1.00	mmu-mir-434	1.00	1.00	173.88
mmu-miR-434-3p	1.00	mmu-mir-434	1.00	1.00	173.88
mmu-miR-448-5p	0.00	mmu-mir-448	0.00	0	0
mmu-miR-448-3p	0.00	mmu-mir-448	0.00	0	0
mmu-miR-449a-5p	0.00	mmu-mir-449a	0.00	0	0
mmu-miR-449a-3p	0.00	mmu-mir-449a	0.00	0	0
mmu-miR-449b	0.00	mmu-mir-449b	0.00	0	0
mmu-miR-449c-5p	0.00	mmu-mir-449c	0.00	0	0
mmu-miR-449c-3p	0.00	mmu-mir-449c	0.00	0	0
mmu-miR-450a-5p	0.00	mmu-mir-450a-1	0.00	0	0
mmu-miR-450a-1-3p	0.00	mmu-mir-450a-1	0.00	0	0
mmu-miR-450a-5p	0.00	mmu-mir-450a-2	0.00	0	0
mmu-miR-450a-2-3p	0.00	mmu-mir-450a-2	0.00	0	0
mmu-miR-450b-5p	0.00	mmu-mir-450b	0.00	0	0
mmu-miR-450b-3p	0.00	mmu-mir-450b	0.00	0	0
mmu-miR-451a	0.00	mmu-mir-451a	0.00	0	0
mmu-miR-451b	0.00	mmu-mir-451b	0.00	0	0
mmu-miR-452-5p	0.00	mmu-mir-452	0.00	0	0
mmu-miR-452-3p	0.00	mmu-mir-452	0.00	0	0
mmu-miR-453	0.00	mmu-mir-453	0.00	0	0
mmu-miR-455-5p	0.00	mmu-mir-455	0.00	0	0
mmu-miR-455-3p	39.00	mmu-mir-455	39.00	39.00	6781.43
mmu-miR-463-5p	0.00	mmu-mir-463	0.00	0	0
mmu-miR-463-3p	0.00	mmu-mir-463	0.00	0	0
mmu-miR-465a-5p	0.00	mmu-mir-465a	0.00	0	0
mmu-miR-465a-3p	0.00	mmu-mir-465a	0.00	0	0
mmu-miR-465b-5p	0.00	mmu-mir-465b-1	0.00	0	0
mmu-miR-465b-3p	0.00	mmu-mir-465b-1	0.00	0	0
mmu-miR-465b-5p	0.00	mmu-mir-465b-2	0.00	0	0
mmu-miR-465b-3p	0.00	mmu-mir-465b-2	0.00	0	0
mmu-miR-465c-5p	0.00	mmu-mir-465c-1	0.00	0	0
mmu-miR-465c-3p	0.00	mmu-mir-465c-1	0.00	0	0
mmu-miR-465c-5p	0.00	mmu-mir-465c-2	0.00	0	0
mmu-miR-465c-3p	0.00	mmu-mir-465c-2	0.00	0	0
mmu-miR-465d-5p	0.00	mmu-mir-465d	0.00	0	0
mmu-miR-465d-3p	0.00	mmu-mir-465d	0.00	0	0
mmu-miR-466a-5p	0.00	mmu-mir-466a	0.00	0	0
mmu-miR-466a-3p	0.00	mmu-mir-466a	0.00	0	0
mmu-miR-466b-5p	0.00	mmu-mir-466b-1	0.00	0	0
mmu-miR-466b-3p	0.00	mmu-mir-466b-1	0.00	0	0
mmu-miR-466b-5p	0.00	mmu-mir-466b-2	0.00	0	0
mmu-miR-466b-3p	0.00	mmu-mir-466b-2	0.00	0	0
mmu-miR-466b-5p	0.00	mmu-mir-466b-3	0.00	0	0
mmu-miR-466b-3p	0.00	mmu-mir-466b-3	0.00	0	0
mmu-miR-466b-5p	0.00	mmu-mir-466b-4	0.00	0	0
mmu-miR-466b-3p	0.00	mmu-mir-466b-4	0.00	0	0
mmu-miR-466b-5p	0.00	mmu-mir-466b-5	0.00	0	0
mmu-miR-466b-3p	0.00	mmu-mir-466b-5	0.00	0	0
mmu-miR-466b-5p	0.00	mmu-mir-466b-6	0.00	0	0
mmu-miR-466b-3p	0.00	mmu-mir-466b-6	0.00	0	0
mmu-miR-466b-5p	0.00	mmu-mir-466b-7	0.00	0	0
mmu-miR-466b-3p	0.00	mmu-mir-466b-7	0.00	0	0
mmu-miR-466b-5p	0.00	mmu-mir-466b-8	0.00	0	0
mmu-miR-466b-3p	0.00	mmu-mir-466b-8	0.00	0	0
mmu-miR-466c-5p	0.00	mmu-mir-466c-1	0.00	0	0
mmu-miR-466c-3p	0.00	mmu-mir-466c-1	0.00	0	0
mmu-miR-466c-5p	0.00	mmu-mir-466c-2	0.00	0	0
mmu-miR-466c-3p	0.00	mmu-mir-466c-2	0.00	0	0
mmu-miR-466c-5p	0.00	mmu-mir-466c-3	0.00	0	0
mmu-miR-466c-3p	0.00	mmu-mir-466c-3	0.00	0	0
mmu-miR-466d-5p	0.00	mmu-mir-466d	0.00	0	0
mmu-miR-466d-3p	0.00	mmu-mir-466d	0.00	0	0
mmu-miR-466e-5p	0.00	mmu-mir-466e	0.00	0	0
mmu-miR-466e-3p	0.00	mmu-mir-466e	0.00	0	0
mmu-miR-466f-5p	0.00	mmu-mir-466f-1	0.00	0	0
mmu-miR-466f-3p	3.00	mmu-mir-466f-1	3.00	3.00	521.65
mmu-miR-466f	0.00	mmu-mir-466f-1	0.00	0	0
mmu-miR-466f-5p	0.00	mmu-mir-466f-2	0.00	0	0
mmu-miR-466f-3p	0.00	mmu-mir-466f-2	0.00	0	0
mmu-miR-466f	0.00	mmu-mir-466f-2	0.00	0	0
mmu-miR-466f-5p	0.00	mmu-mir-466f-3	0.00	0	0
mmu-miR-466f-3p	0.00	mmu-mir-466f-3	0.00	0	0
mmu-miR-466f	0.00	mmu-mir-466f-3	0.00	0	0
mmu-miR-466f-5p	0.00	mmu-mir-466f-4	0.00	0	0
mmu-miR-466f	0.00	mmu-mir-466f-4	0.00	0	0
mmu-miR-466g	0.00	mmu-mir-466g	0.00	0	0
mmu-miR-466h-5p	0.00	mmu-mir-466h	0.00	0	0
mmu-miR-466h-3p	0.00	mmu-mir-466h	0.00	0	0
mmu-miR-466i-5p	0.00	mmu-mir-466i	0.00	0	0
mmu-miR-466i-5p	0.00	mmu-mir-466i	0.00	0	0
mmu-miR-466i-3p	0.00	mmu-mir-466i	0.00	0	0
mmu-miR-466j	0.00	mmu-mir-466j	0.00	0	0
mmu-miR-466k	0.00	mmu-mir-466k	0.00	0	0
mmu-miR-466l-5p	0.00	mmu-mir-466l	0.00	0	0
mmu-miR-466l-3p	0.00	mmu-mir-466l	0.00	0	0
mmu-miR-466m-5p	0.00	mmu-mir-466m	0.00	0	0
mmu-miR-466m-3p	0.00	mmu-mir-466m	0.00	0	0
mmu-miR-466n-5p	0.00	mmu-mir-466n	0.00	0	0
mmu-miR-466n-3p	0.00	mmu-mir-466n	0.00	0	0
mmu-miR-466o-5p	0.00	mmu-mir-466o	0.00	0	0
mmu-miR-466o-3p	0.00	mmu-mir-466o	0.00	0	0
mmu-miR-466p-5p	0.00	mmu-mir-466p	0.00	0	0
mmu-miR-466p-3p	0.00	mmu-mir-466p	0.00	0	0
mmu-miR-466q	0.00	mmu-mir-466q	0.00	0	0
mmu-miR-467a-5p	0.00	mmu-mir-467a-1	0.00	0	0
mmu-miR-467a-3p	0.00	mmu-mir-467a-1	0.00	0	0
mmu-miR-467a-5p	0.00	mmu-mir-467a-10	0.00	0	0
mmu-miR-467a-3p	0.00	mmu-mir-467a-10	0.00	0	0
mmu-miR-467a-5p	0.00	mmu-mir-467a-2	0.00	0	0
mmu-miR-467a-3p	0.00	mmu-mir-467a-2	0.00	0	0
mmu-miR-467a-5p	0.00	mmu-mir-467a-3	0.00	0	0
mmu-miR-467a-3p	0.00	mmu-mir-467a-3	0.00	0	0
mmu-miR-467a-5p	0.00	mmu-mir-467a-4	0.00	0	0
mmu-miR-467a-3p	0.00	mmu-mir-467a-4	0.00	0	0
mmu-miR-467a-5p	0.00	mmu-mir-467a-5	0.00	0	0
mmu-miR-467a-3p	0.00	mmu-mir-467a-5	0.00	0	0
mmu-miR-467a-5p	0.00	mmu-mir-467a-6	0.00	0	0
mmu-miR-467a-3p	0.00	mmu-mir-467a-6	0.00	0	0
mmu-miR-467a-5p	0.00	mmu-mir-467a-7	0.00	0	0
mmu-miR-467a-3p	0.00	mmu-mir-467a-7	0.00	0	0
mmu-miR-467a-5p	0.00	mmu-mir-467a-8	0.00	0	0
mmu-miR-467a-3p	0.00	mmu-mir-467a-8	0.00	0	0
mmu-miR-467a-5p	0.00	mmu-mir-467a-9	0.00	0	0
mmu-miR-467a-3p	0.00	mmu-mir-467a-9	0.00	0	0
mmu-miR-467b-5p	0.00	mmu-mir-467b	0.00	0	0
mmu-miR-467b-3p	0.00	mmu-mir-467b	0.00	0	0
mmu-miR-467c-5p	0.00	mmu-mir-467c	0.00	0	0
mmu-miR-467c-3p	0.00	mmu-mir-467c	0.00	0	0
mmu-miR-467d-5p	0.00	mmu-mir-467d	0.00	0	0
mmu-miR-467d-3p	0.00	mmu-mir-467d	0.00	0	0
mmu-miR-467e-5p	0.00	mmu-mir-467e	0.00	0	0
mmu-miR-467e-3p	0.00	mmu-mir-467e	0.00	0	0
mmu-miR-467f	1.00	mmu-mir-467f	1.00	1.00	173.88
mmu-miR-467g	1.00	mmu-mir-467g	1.00	1.00	173.88
mmu-miR-467h	0.00	mmu-mir-467h	0.00	0	0
mmu-miR-468-5p	0.00	mmu-mir-468	0.00	0	0
mmu-miR-468-3p	0.00	mmu-mir-468	0.00	0	0
mmu-miR-470-5p	0.00	mmu-mir-470	0.00	0	0
mmu-miR-470-3p	0.00	mmu-mir-470	0.00	0	0
mmu-miR-471-5p	0.00	mmu-mir-471	0.00	0	0
mmu-miR-471-3p	0.00	mmu-mir-471	0.00	0	0
mmu-miR-483-5p	0.00	mmu-mir-483	0.00	0	0
mmu-miR-483-3p	0.00	mmu-mir-483	0.00	0	0
mmu-miR-484	12.00	mmu-mir-484	12.00	12.00	2086.59
mmu-miR-485-5p	0.00	mmu-mir-485	0.00	0	0
mmu-miR-485-3p	0.00	mmu-mir-485	0.00	0	0
mmu-miR-486a-5p	0.00	mmu-mir-486a	0.00	0	0
mmu-miR-486a-3p	0.00	mmu-mir-486a	0.00	0	0
mmu-miR-486b-5p	0.00	mmu-mir-486b	0.00	0	0
mmu-miR-486b-3p	0.00	mmu-mir-486b	0.00	0	0
mmu-miR-487b-5p	0.00	mmu-mir-487b	0.00	0	0
mmu-miR-487b-3p	0.00	mmu-mir-487b	0.00	0	0
mmu-miR-488-5p	0.00	mmu-mir-488	0.00	0	0
mmu-miR-488-3p	0.00	mmu-mir-488	0.00	0	0
mmu-miR-489-5p	0.00	mmu-mir-489	0.00	0	0
mmu-miR-489-3p	0.00	mmu-mir-489	0.00	0	0
mmu-miR-490-5p	0.00	mmu-mir-490	0.00	0	0
mmu-miR-490-3p	0.00	mmu-mir-490	0.00	0	0
mmu-miR-491-5p	0.00	mmu-mir-491	0.00	0	0
mmu-miR-491-3p	0.00	mmu-mir-491	0.00	0	0
mmu-miR-493-5p	0.00	mmu-mir-493	0.00	0	0
mmu-miR-493-3p	0.00	mmu-mir-493	0.00	0	0
mmu-miR-494-5p	0.00	mmu-mir-494	0.00	0	0
mmu-miR-494-3p	0.00	mmu-mir-494	0.00	0	0
mmu-miR-495-5p	0.00	mmu-mir-495	0.00	0	0
mmu-miR-495-3p	0.00	mmu-mir-495	0.00	0	0
mmu-miR-496a-5p	0.00	mmu-mir-496a	0.00	0	0
mmu-miR-496a-3p	0.00	mmu-mir-496a	0.00	0	0
mmu-miR-496b	0.00	mmu-mir-496b	0.00	0	0
mmu-miR-497a-5p	0.00	mmu-mir-497a	0.00	0	0
mmu-miR-497a-3p	0.00	mmu-mir-497a	0.00	0	0
mmu-miR-497b	0.00	mmu-mir-497b	0.00	0	0
mmu-miR-499-5p	0.00	mmu-mir-499	0.00	0	0
mmu-miR-499-3p	0.00	mmu-mir-499	0.00	0	0
mmu-miR-500-5p	0.00	mmu-mir-500	0.00	0	0
mmu-miR-500-3p	0.00	mmu-mir-500	0.00	0	0
mmu-miR-501-5p	0.00	mmu-mir-501	0.00	0	0
mmu-miR-501-3p	3.00	mmu-mir-501	3.00	3.00	521.65
mmu-miR-503-5p	0.00	mmu-mir-503	0.00	0	0
mmu-miR-503-3p	0.00	mmu-mir-503	0.00	0	0
mmu-miR-504-5p	0.00	mmu-mir-504	0.00	0	0
mmu-miR-504-3p	0.00	mmu-mir-504	0.00	0	0
mmu-miR-5046	0.00	mmu-mir-5046	0.00	0	0
mmu-miR-505-5p	0.00	mmu-mir-505	0.00	0	0
mmu-miR-505-3p	0.00	mmu-mir-505	0.00	0	0
mmu-miR-509-5p	0.00	mmu-mir-509	0.00	0	0
mmu-miR-509-3p	0.00	mmu-mir-509	0.00	0	0
mmu-miR-5098	0.00	mmu-mir-5098	0.00	0	0
mmu-miR-5099	558.00	mmu-mir-5099	558.00	558.00	97026.60
mmu-miR-5100	0.00	mmu-mir-5100	0.00	0	0
mmu-miR-5101	0.00	mmu-mir-5101	0.00	0	0
mmu-miR-5103	0.00	mmu-mir-5103	0.00	0	0
mmu-miR-5104	0.00	mmu-mir-5104	0.00	0	0
mmu-miR-5104b-5p	0.00	mmu-mir-5104b	0.00	0	0
mmu-miR-5106	0.00	mmu-mir-5106	0.00	0	0
mmu-miR-5107-5p	0.00	mmu-mir-5107	0.00	0	0
mmu-miR-5107-3p	0.00	mmu-mir-5107	0.00	0	0
mmu-miR-5108	0.00	mmu-mir-5108	0.00	0	0
mmu-miR-511-5p	0.00	mmu-mir-511	0.00	0	0
mmu-miR-511-3p	0.00	mmu-mir-511	0.00	0	0
mmu-miR-5110	0.00	mmu-mir-5110	0.00	0	0
mmu-miR-5112	0.00	mmu-mir-5112	0.00	0	0
mmu-miR-5113	0.00	mmu-mir-5113	0.00	0	0
mmu-miR-5114	0.00	mmu-mir-5114	0.00	0	0
mmu-miR-5116	0.00	mmu-mir-5116	0.00	0	0
mmu-miR-5118	0.00	mmu-mir-5118	0.00	0	0
mmu-miR-5119	5.00	mmu-mir-5119	5.00	5.00	869.41
mmu-miR-5120	0.00	mmu-mir-5120	0.00	0	0
mmu-miR-5121	0.00	mmu-mir-5121	0.00	0	0
mmu-miR-5122	0.00	mmu-mir-5122	0.00	0	0
mmu-miR-5123	0.00	mmu-mir-5123	0.00	0	0
mmu-miR-5123	0.00	mmu-mir-5123	0.00	0	0
mmu-miR-5124a	0.00	mmu-mir-5124a	0.00	0	0
mmu-miR-5124b	0.00	mmu-mir-5124b	0.00	0	0
mmu-miR-5125	0.00	mmu-mir-5125	0.00	0	0
mmu-miR-5126	0.00	mmu-mir-5126	0.00	0	0
mmu-miR-5127	0.00	mmu-mir-5127	0.00	0	0
mmu-miR-5128	0.00	mmu-mir-5128	0.00	0	0
mmu-miR-5129-5p	0.00	mmu-mir-5129	0.00	0	0
mmu-miR-5129-3p	0.00	mmu-mir-5129	0.00	0	0
mmu-miR-5130	0.00	mmu-mir-5130	0.00	0	0
mmu-miR-5131	0.00	mmu-mir-5131	0.00	0	0
mmu-miR-5132-5p	0.00	mmu-mir-5132	0.00	0	0
mmu-miR-5132-3p	0.00	mmu-mir-5132	0.00	0	0
mmu-miR-5133	0.00	mmu-mir-5133	0.00	0	0
mmu-miR-5134-5p	0.00	mmu-mir-5134	0.00	0	0
mmu-miR-5134-3p	0.00	mmu-mir-5134	0.00	0	0
mmu-miR-5135	0.00	mmu-mir-5135	0.00	0	0
mmu-miR-5136	0.00	mmu-mir-5136	0.00	0	0
mmu-miR-532-5p	3.00	mmu-mir-532	3.00	3.00	521.65
mmu-miR-532-3p	6.00	mmu-mir-532	6.00	6.00	1043.30
mmu-miR-539-5p	1.00	mmu-mir-539	1.00	1.00	173.88
mmu-miR-539-3p	0.00	mmu-mir-539	0.00	0	0
mmu-miR-540-5p	0.00	mmu-mir-540	0.00	0	0
mmu-miR-540-3p	0.00	mmu-mir-540	0.00	0	0
mmu-miR-541-5p	23.00	mmu-mir-541	23.00	23.00	3999.30
mmu-miR-541-3p	0.00	mmu-mir-541	0.00	0	0
mmu-miR-542-5p	0.00	mmu-mir-542	0.00	0	0
mmu-miR-542-3p	0.00	mmu-mir-542	0.00	0	0
mmu-miR-543-5p	0.00	mmu-mir-543	0.00	0	0
mmu-miR-543-3p	3.00	mmu-mir-543	3.00	3.00	521.65
mmu-miR-544-5p	0.00	mmu-mir-544	0.00	0	0
mmu-miR-544-3p	0.00	mmu-mir-544	0.00	0	0
mmu-miR-546	0.00	mmu-mir-546	0.00	0	0
mmu-miR-547-5p	0.00	mmu-mir-547	0.00	0	0
mmu-miR-547-3p	0.00	mmu-mir-547	0.00	0	0
mmu-miR-551b-5p	0.00	mmu-mir-551b	0.00	0	0
mmu-miR-551b-3p	0.00	mmu-mir-551b	0.00	0	0
mmu-miR-5615-5p	0.00	mmu-mir-5615-1	0.00	0	0
mmu-miR-5615-3p	0.00	mmu-mir-5615-1	0.00	0	0
mmu-miR-5615-5p	0.00	mmu-mir-5615-2	0.00	0	0
mmu-miR-5615-3p	0.00	mmu-mir-5615-2	0.00	0	0
mmu-miR-5616-5p	0.00	mmu-mir-5616	0.00	0	0
mmu-miR-5616-3p	0.00	mmu-mir-5616	0.00	0	0
mmu-miR-5617-5p	0.00	mmu-mir-5617	0.00	0	0
mmu-miR-5617-3p	0.00	mmu-mir-5617	0.00	0	0
mmu-miR-5618-5p	0.00	mmu-mir-5618	0.00	0	0
mmu-miR-5618-3p	0.00	mmu-mir-5618	0.00	0	0
mmu-miR-5619-5p	0.00	mmu-mir-5619	0.00	0	0
mmu-miR-5619-3p	0.00	mmu-mir-5619	0.00	0	0
mmu-miR-5620-5p	0.00	mmu-mir-5620	0.00	0	0
mmu-miR-5620-3p	0.00	mmu-mir-5620	0.00	0	0
mmu-miR-5621-5p	0.00	mmu-mir-5621	0.00	0	0
mmu-miR-5621-3p	0.00	mmu-mir-5621	0.00	0	0
mmu-miR-5622-5p	0.00	mmu-mir-5622	0.00	0	0
mmu-miR-5622-3p	0.00	mmu-mir-5622	0.00	0	0
mmu-miR-5623-5p	0.00	mmu-mir-5623	0.00	0	0
mmu-miR-5623-3p	0.00	mmu-mir-5623	0.00	0	0
mmu-miR-5624-5p	0.00	mmu-mir-5624	0.00	0	0
mmu-miR-5624-3p	0.00	mmu-mir-5624	0.00	0	0
mmu-miR-5625-5p	0.00	mmu-mir-5625	0.00	0	0
mmu-miR-5625-3p	0.00	mmu-mir-5625	0.00	0	0
mmu-miR-5626-5p	0.00	mmu-mir-5626	0.00	0	0
mmu-miR-5626-3p	0.00	mmu-mir-5626	0.00	0	0
mmu-miR-5627-5p	0.00	mmu-mir-5627	0.00	0	0
mmu-miR-5627-3p	0.00	mmu-mir-5627	0.00	0	0
mmu-miR-568	0.00	mmu-mir-568	0.00	0	0
mmu-miR-5709-5p	0.00	mmu-mir-5709	0.00	0	0
mmu-miR-5709-3p	0.00	mmu-mir-5709	0.00	0	0
mmu-miR-5710	0.00	mmu-mir-5710	0.00	0	0
mmu-miR-574-5p	0.00	mmu-mir-574	0.00	0	0
mmu-miR-574-3p	3.00	mmu-mir-574	3.00	3.00	521.65
mmu-miR-582-5p	0.00	mmu-mir-582	0.00	0	0
mmu-miR-582-3p	0.00	mmu-mir-582	0.00	0	0
mmu-miR-590-5p	0.00	mmu-mir-590	0.00	0	0
mmu-miR-590-3p	0.00	mmu-mir-590	0.00	0	0
mmu-miR-592-5p	0.00	mmu-mir-592	0.00	0	0
mmu-miR-592-3p	0.00	mmu-mir-592	0.00	0	0
mmu-miR-598-5p	0.00	mmu-mir-598	0.00	0	0
mmu-miR-598-3p	0.00	mmu-mir-598	0.00	0	0
mmu-miR-599	0.00	mmu-mir-599	0.00	0	0
mmu-miR-615-5p	0.00	mmu-mir-615	0.00	0	0
mmu-miR-615-3p	0.00	mmu-mir-615	0.00	0	0
mmu-miR-6236	0.00	mmu-mir-6236	0.00	0	0
mmu-miR-6237	0.00	mmu-mir-6237	0.00	0	0
mmu-miR-6238	0.00	mmu-mir-6238	0.00	0	0
mmu-miR-6239	0.00	mmu-mir-6239	0.00	0	0
mmu-miR-6240	30.00	mmu-mir-6240	30.00	30.00	5216.48
mmu-miR-6241	0.00	mmu-mir-6241	0.00	0	0
mmu-miR-6244	0.00	mmu-mir-6244	0.00	0	0
mmu-miR-6335	0.00	mmu-mir-6335	0.00	0	0
mmu-miR-6336	0.00	mmu-mir-6336	0.00	0	0
mmu-miR-6337	0.00	mmu-mir-6337	0.00	0	0
mmu-miR-6338	0.00	mmu-mir-6338	0.00	0	0
mmu-miR-6339	0.00	mmu-mir-6339	0.00	0	0
mmu-miR-6340	0.00	mmu-mir-6340	0.00	0	0
mmu-miR-6341	0.00	mmu-mir-6341	0.00	0	0
mmu-miR-6342	0.00	mmu-mir-6342	0.00	0	0
mmu-miR-6343	0.00	mmu-mir-6343	0.00	0	0
mmu-miR-6344	0.00	mmu-mir-6344	0.00	0	0
mmu-miR-6345	0.00	mmu-mir-6345	0.00	0	0
mmu-miR-6346	0.00	mmu-mir-6346	0.00	0	0
mmu-miR-6347	0.00	mmu-mir-6347	0.00	0	0
mmu-miR-6348	0.00	mmu-mir-6348	0.00	0	0
mmu-miR-6349	0.00	mmu-mir-6349	0.00	0	0
mmu-miR-6350	0.00	mmu-mir-6350	0.00	0	0
mmu-miR-6351	0.00	mmu-mir-6351	0.00	0	0
mmu-miR-6352	0.00	mmu-mir-6352	0.00	0	0
mmu-miR-6353	0.00	mmu-mir-6353	0.00	0	0
mmu-miR-6354	0.00	mmu-mir-6354	0.00	0	0
mmu-miR-6355	0.00	mmu-mir-6355	0.00	0	0
mmu-miR-6356	0.00	mmu-mir-6356	0.00	0	0
mmu-miR-6357	0.00	mmu-mir-6357	0.00	0	0
mmu-miR-6358	0.00	mmu-mir-6358	0.00	0	0
mmu-miR-6359	0.00	mmu-mir-6359	0.00	0	0
mmu-miR-6360	0.00	mmu-mir-6360	0.00	0	0
mmu-miR-6361	0.00	mmu-mir-6361	0.00	0	0
mmu-miR-6362	0.00	mmu-mir-6362	0.00	0	0
mmu-miR-6363	0.00	mmu-mir-6363	0.00	0	0
mmu-miR-6364	0.00	mmu-mir-6364	0.00	0	0
mmu-miR-6365	0.00	mmu-mir-6365	0.00	0	0
mmu-miR-6366	0.00	mmu-mir-6366	0.00	0	0
mmu-miR-6367	0.00	mmu-mir-6367	0.00	0	0
mmu-miR-6368	0.00	mmu-mir-6368	0.00	0	0
mmu-miR-6369	0.00	mmu-mir-6369	0.00	0	0
mmu-miR-6370	0.00	mmu-mir-6370	0.00	0	0
mmu-miR-6371	0.00	mmu-mir-6371	0.00	0	0
mmu-miR-6372	0.00	mmu-mir-6372	0.00	0	0
mmu-miR-6373	0.00	mmu-mir-6373	0.00	0	0
mmu-miR-6374	0.00	mmu-mir-6374	0.00	0	0
mmu-miR-6375	0.00	mmu-mir-6375	0.00	0	0
mmu-miR-6376	0.00	mmu-mir-6376	0.00	0	0
mmu-miR-6377	0.00	mmu-mir-6377	0.00	0	0
mmu-miR-6378	0.00	mmu-mir-6378	0.00	0	0
mmu-miR-6379	0.00	mmu-mir-6379	0.00	0	0
mmu-miR-6380	0.00	mmu-mir-6380	0.00	0	0
mmu-miR-6381	0.00	mmu-mir-6381	0.00	0	0
mmu-miR-6382	0.00	mmu-mir-6382	0.00	0	0
mmu-miR-6383	0.00	mmu-mir-6383	0.00	0	0
mmu-miR-6384	0.00	mmu-mir-6384	0.00	0	0
mmu-miR-6385	0.00	mmu-mir-6385	0.00	0	0
mmu-miR-6386	0.00	mmu-mir-6386	0.00	0	0
mmu-miR-6387	0.00	mmu-mir-6387	0.00	0	0
mmu-miR-6388	0.00	mmu-mir-6388	0.00	0	0
mmu-miR-6389	0.00	mmu-mir-6389	0.00	0	0
mmu-miR-6390	0.00	mmu-mir-6390	0.00	0	0
mmu-miR-6391	0.00	mmu-mir-6391	0.00	0	0
mmu-miR-6392-5p	0.00	mmu-mir-6392	0.00	0	0
mmu-miR-6392-3p	0.00	mmu-mir-6392	0.00	0	0
mmu-miR-6393	0.00	mmu-mir-6393	0.00	0	0
mmu-miR-6394	0.00	mmu-mir-6394	0.00	0	0
mmu-miR-6395	0.00	mmu-mir-6395	0.00	0	0
mmu-miR-6396	0.00	mmu-mir-6396	0.00	0	0
mmu-miR-6397	0.00	mmu-mir-6397	0.00	0	0
mmu-miR-6398	0.00	mmu-mir-6398	0.00	0	0
mmu-miR-6399	0.00	mmu-mir-6399	0.00	0	0
mmu-miR-6400	0.00	mmu-mir-6400	0.00	0	0
mmu-miR-6401	0.00	mmu-mir-6401	0.00	0	0
mmu-miR-6402	0.00	mmu-mir-6402	0.00	0	0
mmu-miR-6403	0.00	mmu-mir-6403	0.00	0	0
mmu-miR-6404	0.00	mmu-mir-6404	0.00	0	0
mmu-miR-6405	0.00	mmu-mir-6405	0.00	0	0
mmu-miR-6406	0.00	mmu-mir-6406	0.00	0	0
mmu-miR-6407	0.00	mmu-mir-6407	0.00	0	0
mmu-miR-6408	0.00	mmu-mir-6408	0.00	0	0
mmu-miR-6409	0.00	mmu-mir-6409	0.00	0	0
mmu-miR-6410	0.00	mmu-mir-6410	0.00	0	0
mmu-miR-6411	0.00	mmu-mir-6411	0.00	0	0
mmu-miR-6412	0.00	mmu-mir-6412	0.00	0	0
mmu-miR-6413	0.00	mmu-mir-6413	0.00	0	0
mmu-miR-6414	0.00	mmu-mir-6414	0.00	0	0
mmu-miR-6415	0.00	mmu-mir-6415	0.00	0	0
mmu-miR-6416-5p	0.00	mmu-mir-6416	0.00	0	0
mmu-miR-6416-3p	0.00	mmu-mir-6416	0.00	0	0
mmu-miR-6417	0.00	mmu-mir-6417	0.00	0	0
mmu-miR-6418-5p	0.00	mmu-mir-6418	0.00	0	0
mmu-miR-6418-3p	0.00	mmu-mir-6418	0.00	0	0
mmu-miR-6419	0.00	mmu-mir-6419	0.00	0	0
mmu-miR-6420	0.00	mmu-mir-6420	0.00	0	0
mmu-miR-6481	0.00	mmu-mir-6481	0.00	0	0
mmu-miR-6516-5p	0.00	mmu-mir-6516	0.00	0	0
mmu-miR-6516-3p	0.00	mmu-mir-6516	0.00	0	0
mmu-miR-652-5p	0.00	mmu-mir-652	0.00	0	0
mmu-miR-652-3p	0.00	mmu-mir-652	0.00	0	0
mmu-miR-653-5p	0.00	mmu-mir-653	0.00	0	0
mmu-miR-653-3p	0.00	mmu-mir-653	0.00	0	0
mmu-miR-6537-5p	0.00	mmu-mir-6537	0.00	0	0
mmu-miR-6537-3p	0.00	mmu-mir-6537	0.00	0	0
mmu-miR-6538	2.00	mmu-mir-6538	2.00	2.00	347.77
mmu-miR-6539	0.00	mmu-mir-6539	0.00	0	0
mmu-miR-654-5p	0.00	mmu-mir-654	0.00	0	0
mmu-miR-654-3p	0.00	mmu-mir-654	0.00	0	0
mmu-miR-6540-5p	0.00	mmu-mir-6540	0.00	0	0
mmu-miR-6540-3p	0.00	mmu-mir-6540	0.00	0	0
mmu-miR-6541	0.00	mmu-mir-6541	0.00	0	0
mmu-miR-6546-5p	0.00	mmu-mir-6546	0.00	0	0
mmu-miR-6546-3p	0.00	mmu-mir-6546	0.00	0	0
mmu-miR-664-5p	0.00	mmu-mir-664	0.00	0	0
mmu-miR-664-3p	0.00	mmu-mir-664	0.00	0	0
mmu-miR-665-5p	0.00	mmu-mir-665	0.00	0	0
mmu-miR-665-3p	0.00	mmu-mir-665	0.00	0	0
mmu-miR-666-5p	0.00	mmu-mir-666	0.00	0	0
mmu-miR-666-3p	0.00	mmu-mir-666	0.00	0	0
mmu-miR-667-5p	0.00	mmu-mir-667	0.00	0	0
mmu-miR-667-3p	0.00	mmu-mir-667	0.00	0	0
mmu-miR-668-5p	0.00	mmu-mir-668	0.00	0	0
mmu-miR-668-3p	0.00	mmu-mir-668	0.00	0	0
mmu-miR-669a-5p	0.00	mmu-mir-669a-1	0.00	0	0
mmu-miR-669a-3p	0.00	mmu-mir-669a-1	0.00	0	0
mmu-miR-669a-5p	0.00	mmu-mir-669a-10	0.00	0	0
mmu-miR-669a-3p	0.00	mmu-mir-669a-10	0.00	0	0
mmu-miR-669a-5p	0.00	mmu-mir-669a-11	0.00	0	0
mmu-miR-669a-3p	0.00	mmu-mir-669a-11	0.00	0	0
mmu-miR-669a-5p	0.00	mmu-mir-669a-12	0.00	0	0
mmu-miR-669a-3p	0.00	mmu-mir-669a-12	0.00	0	0
mmu-miR-669a-5p	0.00	mmu-mir-669a-2	0.00	0	0
mmu-miR-669a-3p	0.00	mmu-mir-669a-2	0.00	0	0
mmu-miR-669a-5p	0.00	mmu-mir-669a-3	0.00	0	0
mmu-miR-669a-3-3p	0.00	mmu-mir-669a-3	0.00	0	0
mmu-miR-669a-5p	0.00	mmu-mir-669a-4	0.00	0	0
mmu-miR-669a-3p	0.00	mmu-mir-669a-4	0.00	0	0
mmu-miR-669a-5p	0.00	mmu-mir-669a-5	0.00	0	0
mmu-miR-669a-3p	0.00	mmu-mir-669a-5	0.00	0	0
mmu-miR-669a-5p	0.00	mmu-mir-669a-6	0.00	0	0
mmu-miR-669a-3p	0.00	mmu-mir-669a-6	0.00	0	0
mmu-miR-669a-5p	0.00	mmu-mir-669a-7	0.00	0	0
mmu-miR-669a-3p	0.00	mmu-mir-669a-7	0.00	0	0
mmu-miR-669a-5p	0.00	mmu-mir-669a-8	0.00	0	0
mmu-miR-669a-3p	0.00	mmu-mir-669a-8	0.00	0	0
mmu-miR-669a-5p	0.00	mmu-mir-669a-9	0.00	0	0
mmu-miR-669a-3p	0.00	mmu-mir-669a-9	0.00	0	0
mmu-miR-669b-5p	0.00	mmu-mir-669b	0.00	0	0
mmu-miR-669b-3p	0.00	mmu-mir-669b	0.00	0	0
mmu-miR-669c-5p	0.00	mmu-mir-669c	0.00	0	0
mmu-miR-669c-3p	0.00	mmu-mir-669c	0.00	0	0
mmu-miR-669d-5p	0.00	mmu-mir-669d	0.00	0	0
mmu-miR-669d-3p	0.00	mmu-mir-669d	0.00	0	0
mmu-miR-669d-2-3p	0.00	mmu-mir-669d	0.00	0	0
mmu-miR-669d-5p	0.00	mmu-mir-669d-2	0.00	0	0
mmu-miR-669d-3p	0.00	mmu-mir-669d-2	0.00	0	0
mmu-miR-669d-2-3p	0.00	mmu-mir-669d-2	0.00	0	0
mmu-miR-669e-5p	0.00	mmu-mir-669e	0.00	0	0
mmu-miR-669e-3p	0.00	mmu-mir-669e	0.00	0	0
mmu-miR-669f-5p	0.00	mmu-mir-669f	0.00	0	0
mmu-miR-669f-3p	0.00	mmu-mir-669f	0.00	0	0
mmu-miR-669g	0.00	mmu-mir-669g	0.00	0	0
mmu-miR-669h-5p	0.00	mmu-mir-669h	0.00	0	0
mmu-miR-669h-3p	0.00	mmu-mir-669h	0.00	0	0
mmu-miR-669i	0.00	mmu-mir-669i	0.00	0	0
mmu-miR-669j	0.00	mmu-mir-669j	0.00	0	0
mmu-miR-669k-5p	0.00	mmu-mir-669k	0.00	0	0
mmu-miR-669k-3p	0.00	mmu-mir-669k	0.00	0	0
mmu-miR-669l-5p	0.00	mmu-mir-669l	0.00	0	0
mmu-miR-669l-3p	0.00	mmu-mir-669l	0.00	0	0
mmu-miR-669m-5p	0.00	mmu-mir-669m-1	0.00	0	0
mmu-miR-669m-3p	0.00	mmu-mir-669m-1	0.00	0	0
mmu-miR-669m-5p	0.00	mmu-mir-669m-2	0.00	0	0
mmu-miR-669m-3p	0.00	mmu-mir-669m-2	0.00	0	0
mmu-miR-669n	0.00	mmu-mir-669n	0.00	0	0
mmu-miR-669o-5p	0.00	mmu-mir-669o	0.00	0	0
mmu-miR-669o-3p	0.00	mmu-mir-669o	0.00	0	0
mmu-miR-669p-5p	0.00	mmu-mir-669p-1	0.00	0	0
mmu-miR-669p-3p	0.00	mmu-mir-669p-1	0.00	0	0
mmu-miR-669p-5p	0.00	mmu-mir-669p-2	0.00	0	0
mmu-miR-669p-3p	0.00	mmu-mir-669p-2	0.00	0	0
mmu-miR-670-5p	0.00	mmu-mir-670	0.00	0	0
mmu-miR-670-3p	0.00	mmu-mir-670	0.00	0	0
mmu-miR-671-5p	0.00	mmu-mir-671	0.00	0	0
mmu-miR-671-3p	0.00	mmu-mir-671	0.00	0	0
mmu-miR-6715-5p	0.00	mmu-mir-6715	0.00	0	0
mmu-miR-6715-3p	0.00	mmu-mir-6715	0.00	0	0
mmu-miR-672-5p	0.00	mmu-mir-672	0.00	0	0
mmu-miR-672-3p	0.00	mmu-mir-672	0.00	0	0
mmu-miR-673-5p	0.00	mmu-mir-673	0.00	0	0
mmu-miR-673-3p	0.00	mmu-mir-673	0.00	0	0
mmu-miR-674-5p	0.00	mmu-mir-674	0.00	0	0
mmu-miR-674-3p	0.00	mmu-mir-674	0.00	0	0
mmu-miR-675-5p	0.00	mmu-mir-675	0.00	0	0
mmu-miR-675-3p	0.00	mmu-mir-675	0.00	0	0
mmu-miR-676-5p	0.00	mmu-mir-676	0.00	0	0
mmu-miR-676-3p	0.00	mmu-mir-676	0.00	0	0
mmu-miR-6769b-5p	0.00	mmu-mir-6769b	0.00	0	0
mmu-miR-6769b-3p	0.00	mmu-mir-6769b	0.00	0	0
mmu-miR-677-5p	0.00	mmu-mir-677	0.00	0	0
mmu-miR-677-3p	0.00	mmu-mir-677	0.00	0	0
mmu-miR-678	0.00	mmu-mir-678	0.00	0	0
mmu-miR-679-5p	1.00	mmu-mir-679	1.00	1.00	173.88
mmu-miR-679-3p	0.00	mmu-mir-679	0.00	0	0
mmu-miR-680	0.00	mmu-mir-680-1	0.00	0	0
mmu-miR-680	0.00	mmu-mir-680-2	0.00	0	0
mmu-miR-680	0.00	mmu-mir-680-3	0.00	0	0
mmu-miR-681	0.00	mmu-mir-681	0.00	0	0
mmu-miR-682	0.00	mmu-mir-682	0.00	0	0
mmu-miR-683	0.00	mmu-mir-683-1	0.00	0	0
mmu-miR-683	0.00	mmu-mir-683-2	0.00	0	0
mmu-miR-684	0.00	mmu-mir-684-1	0.00	0	0
mmu-miR-684	0.00	mmu-mir-684-2	0.00	0	0
mmu-miR-686	0.00	mmu-mir-686	0.00	0	0
mmu-miR-687	0.00	mmu-mir-687	0.00	0	0
mmu-miR-688	0.00	mmu-mir-688	0.00	0	0
mmu-miR-6896-5p	0.00	mmu-mir-6896	0.00	0	0
mmu-miR-6896-3p	0.00	mmu-mir-6896	0.00	0	0
mmu-miR-6897-5p	0.00	mmu-mir-6897	0.00	0	0
mmu-miR-6897-3p	0.00	mmu-mir-6897	0.00	0	0
mmu-miR-6898-5p	0.00	mmu-mir-6898	0.00	0	0
mmu-miR-6898-3p	0.00	mmu-mir-6898	0.00	0	0
mmu-miR-6899-5p	0.00	mmu-mir-6899	0.00	0	0
mmu-miR-6899-3p	0.00	mmu-mir-6899	0.00	0	0
mmu-miR-690	23.00	mmu-mir-690	23.00	23.00	3999.30
mmu-miR-6900-5p	0.00	mmu-mir-6900	0.00	0	0
mmu-miR-6900-3p	0.00	mmu-mir-6900	0.00	0	0
mmu-miR-6901-5p	0.00	mmu-mir-6901	0.00	0	0
mmu-miR-6901-3p	0.00	mmu-mir-6901	0.00	0	0
mmu-miR-6902-5p	0.00	mmu-mir-6902	0.00	0	0
mmu-miR-6902-3p	0.00	mmu-mir-6902	0.00	0	0
mmu-miR-6903-5p	0.00	mmu-mir-6903	0.00	0	0
mmu-miR-6903-3p	0.00	mmu-mir-6903	0.00	0	0
mmu-miR-6904-5p	0.00	mmu-mir-6904	0.00	0	0
mmu-miR-6904-3p	0.00	mmu-mir-6904	0.00	0	0
mmu-miR-6905-5p	0.00	mmu-mir-6905	0.00	0	0
mmu-miR-6905-3p	0.00	mmu-mir-6905	0.00	0	0
mmu-miR-6906-5p	0.00	mmu-mir-6906	0.00	0	0
mmu-miR-6906-3p	0.00	mmu-mir-6906	0.00	0	0
mmu-miR-6907-5p	0.00	mmu-mir-6907	0.00	0	0
mmu-miR-6907-3p	0.00	mmu-mir-6907	0.00	0	0
mmu-miR-6908-5p	0.00	mmu-mir-6908	0.00	0	0
mmu-miR-6908-3p	0.00	mmu-mir-6908	0.00	0	0
mmu-miR-6909-5p	0.00	mmu-mir-6909	0.00	0	0
mmu-miR-6909-3p	0.00	mmu-mir-6909	0.00	0	0
mmu-miR-691	0.00	mmu-mir-691	0.00	0	0
mmu-miR-6910-5p	0.00	mmu-mir-6910	0.00	0	0
mmu-miR-6910-3p	0.00	mmu-mir-6910	0.00	0	0
mmu-miR-6911-5p	0.00	mmu-mir-6911	0.00	0	0
mmu-miR-6911-3p	0.00	mmu-mir-6911	0.00	0	0
mmu-miR-6912-5p	0.00	mmu-mir-6912	0.00	0	0
mmu-miR-6912-3p	0.00	mmu-mir-6912	0.00	0	0
mmu-miR-6913-5p	0.00	mmu-mir-6913	0.00	0	0
mmu-miR-6913-3p	0.00	mmu-mir-6913	0.00	0	0
mmu-miR-6914-5p	0.00	mmu-mir-6914	0.00	0	0
mmu-miR-6914-3p	0.00	mmu-mir-6914	0.00	0	0
mmu-miR-6915-5p	0.00	mmu-mir-6915	0.00	0	0
mmu-miR-6915-3p	0.00	mmu-mir-6915	0.00	0	0
mmu-miR-6916-5p	0.00	mmu-mir-6916	0.00	0	0
mmu-miR-6916-3p	0.00	mmu-mir-6916	0.00	0	0
mmu-miR-6917-5p	0.00	mmu-mir-6917	0.00	0	0
mmu-miR-6917-3p	0.00	mmu-mir-6917	0.00	0	0
mmu-miR-6918-5p	0.00	mmu-mir-6918	0.00	0	0
mmu-miR-6918-3p	0.00	mmu-mir-6918	0.00	0	0
mmu-miR-6919-5p	0.00	mmu-mir-6919	0.00	0	0
mmu-miR-6919-3p	0.00	mmu-mir-6919	0.00	0	0
mmu-miR-692	0.00	mmu-mir-692-1	0.00	0	0
mmu-miR-692	0.00	mmu-mir-692-2	0.00	0	0
mmu-miR-692	0.00	mmu-mir-692-3	0.00	0	0
mmu-miR-6920-5p	0.00	mmu-mir-6920	0.00	0	0
mmu-miR-6920-3p	0.00	mmu-mir-6920	0.00	0	0
mmu-miR-6921-5p	0.00	mmu-mir-6921	0.00	0	0
mmu-miR-6921-3p	0.00	mmu-mir-6921	0.00	0	0
mmu-miR-6922-5p	0.00	mmu-mir-6922	0.00	0	0
mmu-miR-6922-3p	0.00	mmu-mir-6922	0.00	0	0
mmu-miR-6923-5p	0.00	mmu-mir-6923	0.00	0	0
mmu-miR-6923-3p	0.00	mmu-mir-6923	0.00	0	0
mmu-miR-6924-5p	0.00	mmu-mir-6924	0.00	0	0
mmu-miR-6924-3p	0.00	mmu-mir-6924	0.00	0	0
mmu-miR-6925-5p	0.00	mmu-mir-6925	0.00	0	0
mmu-miR-6925-3p	0.00	mmu-mir-6925	0.00	0	0
mmu-miR-6926-5p	0.00	mmu-mir-6926	0.00	0	0
mmu-miR-6926-3p	0.00	mmu-mir-6926	0.00	0	0
mmu-miR-6927-5p	0.00	mmu-mir-6927	0.00	0	0
mmu-miR-6927-3p	0.00	mmu-mir-6927	0.00	0	0
mmu-miR-6928-5p	0.00	mmu-mir-6928	0.00	0	0
mmu-miR-6928-3p	0.00	mmu-mir-6928	0.00	0	0
mmu-miR-6929-5p	0.00	mmu-mir-6929	0.00	0	0
mmu-miR-6929-3p	0.00	mmu-mir-6929	0.00	0	0
mmu-miR-693-5p	0.00	mmu-mir-693	0.00	0	0
mmu-miR-693-3p	0.00	mmu-mir-693	0.00	0	0
mmu-miR-6930-5p	0.00	mmu-mir-6930	0.00	0	0
mmu-miR-6930-3p	0.00	mmu-mir-6930	0.00	0	0
mmu-miR-6931-5p	0.00	mmu-mir-6931	0.00	0	0
mmu-miR-6931-3p	0.00	mmu-mir-6931	0.00	0	0
mmu-miR-6932-5p	0.00	mmu-mir-6932	0.00	0	0
mmu-miR-6932-3p	0.00	mmu-mir-6932	0.00	0	0
mmu-miR-6933-5p	0.00	mmu-mir-6933	0.00	0	0
mmu-miR-6933-3p	0.00	mmu-mir-6933	0.00	0	0
mmu-miR-6934-5p	0.00	mmu-mir-6934	0.00	0	0
mmu-miR-6934-3p	0.00	mmu-mir-6934	0.00	0	0
mmu-miR-6935-5p	0.00	mmu-mir-6935	0.00	0	0
mmu-miR-6935-3p	0.00	mmu-mir-6935	0.00	0	0
mmu-miR-6936-5p	0.00	mmu-mir-6936	0.00	0	0
mmu-miR-6936-3p	0.00	mmu-mir-6936	0.00	0	0
mmu-miR-6937-5p	0.00	mmu-mir-6937	0.00	0	0
mmu-miR-6937-3p	0.00	mmu-mir-6937	0.00	0	0
mmu-miR-6938-5p	0.00	mmu-mir-6938	0.00	0	0
mmu-miR-6938-3p	0.00	mmu-mir-6938	0.00	0	0
mmu-miR-6939-5p	0.00	mmu-mir-6939	0.00	0	0
mmu-miR-6939-3p	0.00	mmu-mir-6939	0.00	0	0
mmu-miR-694	0.00	mmu-mir-694	0.00	0	0
mmu-miR-6940-5p	0.00	mmu-mir-6940	0.00	0	0
mmu-miR-6940-3p	0.00	mmu-mir-6940	0.00	0	0
mmu-miR-6941-5p	0.00	mmu-mir-6941	0.00	0	0
mmu-miR-6941-3p	0.00	mmu-mir-6941	0.00	0	0
mmu-miR-6942-5p	0.00	mmu-mir-6942	0.00	0	0
mmu-miR-6942-3p	0.00	mmu-mir-6942	0.00	0	0
mmu-miR-6943-5p	0.00	mmu-mir-6943	0.00	0	0
mmu-miR-6943-3p	0.00	mmu-mir-6943	0.00	0	0
mmu-miR-6944-5p	0.00	mmu-mir-6944	0.00	0	0
mmu-miR-6944-3p	0.00	mmu-mir-6944	0.00	0	0
mmu-miR-6945-5p	0.00	mmu-mir-6945	0.00	0	0
mmu-miR-6945-3p	0.00	mmu-mir-6945	0.00	0	0
mmu-miR-6946-5p	0.00	mmu-mir-6946	0.00	0	0
mmu-miR-6946-3p	0.00	mmu-mir-6946	0.00	0	0
mmu-miR-6947-5p	0.00	mmu-mir-6947	0.00	0	0
mmu-miR-6947-3p	0.00	mmu-mir-6947	0.00	0	0
mmu-miR-6948-5p	0.00	mmu-mir-6948	0.00	0	0
mmu-miR-6948-3p	0.00	mmu-mir-6948	0.00	0	0
mmu-miR-6949-5p	0.00	mmu-mir-6949	0.00	0	0
mmu-miR-6949-3p	0.00	mmu-mir-6949	0.00	0	0
mmu-miR-695	0.00	mmu-mir-695	0.00	0	0
mmu-miR-6950-5p	0.00	mmu-mir-6950	0.00	0	0
mmu-miR-6950-3p	0.00	mmu-mir-6950	0.00	0	0
mmu-miR-6951-5p	0.00	mmu-mir-6951	0.00	0	0
mmu-miR-6951-3p	0.00	mmu-mir-6951	0.00	0	0
mmu-miR-6952-5p	0.00	mmu-mir-6952	0.00	0	0
mmu-miR-6952-3p	0.00	mmu-mir-6952	0.00	0	0
mmu-miR-6953-5p	0.00	mmu-mir-6953	0.00	0	0
mmu-miR-6953-3p	0.00	mmu-mir-6953	0.00	0	0
mmu-miR-6954-5p	0.00	mmu-mir-6954	0.00	0	0
mmu-miR-6954-3p	0.00	mmu-mir-6954	0.00	0	0
mmu-miR-6955-5p	0.00	mmu-mir-6955	0.00	0	0
mmu-miR-6955-3p	0.00	mmu-mir-6955	0.00	0	0
mmu-miR-6956-5p	0.00	mmu-mir-6956	0.00	0	0
mmu-miR-6956-3p	0.00	mmu-mir-6956	0.00	0	0
mmu-miR-6957-5p	0.00	mmu-mir-6957	0.00	0	0
mmu-miR-6957-3p	0.00	mmu-mir-6957	0.00	0	0
mmu-miR-6958-5p	0.00	mmu-mir-6958	0.00	0	0
mmu-miR-6958-3p	0.00	mmu-mir-6958	0.00	0	0
mmu-miR-6959-5p	0.00	mmu-mir-6959	0.00	0	0
mmu-miR-6959-3p	0.00	mmu-mir-6959	0.00	0	0
mmu-miR-696	0.00	mmu-mir-696	0.00	0	0
mmu-miR-6960-5p	0.00	mmu-mir-6960	0.00	0	0
mmu-miR-6960-3p	0.00	mmu-mir-6960	0.00	0	0
mmu-miR-6961-5p	0.00	mmu-mir-6961	0.00	0	0
mmu-miR-6961-3p	0.00	mmu-mir-6961	0.00	0	0
mmu-miR-6962-5p	0.00	mmu-mir-6962	0.00	0	0
mmu-miR-6962-3p	0.00	mmu-mir-6962	0.00	0	0
mmu-miR-6963-5p	0.00	mmu-mir-6963	0.00	0	0
mmu-miR-6963-3p	0.00	mmu-mir-6963	0.00	0	0
mmu-miR-6964-5p	0.00	mmu-mir-6964	0.00	0	0
mmu-miR-6964-3p	0.00	mmu-mir-6964	0.00	0	0
mmu-miR-6965-5p	0.00	mmu-mir-6965	0.00	0	0
mmu-miR-6965-3p	0.00	mmu-mir-6965	0.00	0	0
mmu-miR-6966-5p	0.00	mmu-mir-6966	0.00	0	0
mmu-miR-6966-3p	0.00	mmu-mir-6966	0.00	0	0
mmu-miR-6967-5p	0.00	mmu-mir-6967-1	0.00	0	0
mmu-miR-6967-3p	0.00	mmu-mir-6967-1	0.00	0	0
mmu-miR-6967-5p	0.00	mmu-mir-6967-2	0.00	0	0
mmu-miR-6967-3p	0.00	mmu-mir-6967-2	0.00	0	0
mmu-miR-6968-5p	0.00	mmu-mir-6968	0.00	0	0
mmu-miR-6968-3p	0.00	mmu-mir-6968	0.00	0	0
mmu-miR-6969-5p	0.00	mmu-mir-6969	0.00	0	0
mmu-miR-6969-3p	0.00	mmu-mir-6969	0.00	0	0
mmu-miR-697	0.00	mmu-mir-697	0.00	0	0
mmu-miR-6970-5p	0.00	mmu-mir-6970	0.00	0	0
mmu-miR-6970-3p	0.00	mmu-mir-6970	0.00	0	0
mmu-miR-6971-5p	0.00	mmu-mir-6971	0.00	0	0
mmu-miR-6971-3p	0.00	mmu-mir-6971	0.00	0	0
mmu-miR-6972-5p	0.00	mmu-mir-6972	0.00	0	0
mmu-miR-6972-3p	0.00	mmu-mir-6972	0.00	0	0
mmu-miR-6973a-5p	0.00	mmu-mir-6973a	0.00	0	0
mmu-miR-6973a-3p	0.00	mmu-mir-6973a	0.00	0	0
mmu-miR-6973b-5p	0.00	mmu-mir-6973b	0.00	0	0
mmu-miR-6973b-3p	0.00	mmu-mir-6973b	0.00	0	0
mmu-miR-6974-5p	0.00	mmu-mir-6974	0.00	0	0
mmu-miR-6974-3p	0.00	mmu-mir-6974	0.00	0	0
mmu-miR-6975-5p	0.00	mmu-mir-6975	0.00	0	0
mmu-miR-6975-3p	0.00	mmu-mir-6975	0.00	0	0
mmu-miR-6976-5p	0.00	mmu-mir-6976	0.00	0	0
mmu-miR-6976-3p	0.00	mmu-mir-6976	0.00	0	0
mmu-miR-6977-5p	0.00	mmu-mir-6977	0.00	0	0
mmu-miR-6977-3p	0.00	mmu-mir-6977	0.00	0	0
mmu-miR-6978-5p	0.00	mmu-mir-6978	0.00	0	0
mmu-miR-6978-3p	0.00	mmu-mir-6978	0.00	0	0
mmu-miR-6979-5p	0.00	mmu-mir-6979	0.00	0	0
mmu-miR-6979-3p	0.00	mmu-mir-6979	0.00	0	0
mmu-miR-698-5p	0.00	mmu-mir-698	0.00	0	0
mmu-miR-698-3p	0.00	mmu-mir-698	0.00	0	0
mmu-miR-6980-5p	0.00	mmu-mir-6980	0.00	0	0
mmu-miR-6980-3p	0.00	mmu-mir-6980	0.00	0	0
mmu-miR-6981-5p	0.00	mmu-mir-6981	0.00	0	0
mmu-miR-6981-3p	0.00	mmu-mir-6981	0.00	0	0
mmu-miR-6982-5p	0.00	mmu-mir-6982	0.00	0	0
mmu-miR-6982-3p	0.00	mmu-mir-6982	0.00	0	0
mmu-miR-6983-5p	0.00	mmu-mir-6983	0.00	0	0
mmu-miR-6983-3p	0.00	mmu-mir-6983	0.00	0	0
mmu-miR-6984-5p	0.00	mmu-mir-6984	0.00	0	0
mmu-miR-6984-3p	0.00	mmu-mir-6984	0.00	0	0
mmu-miR-6985-5p	0.00	mmu-mir-6985	0.00	0	0
mmu-miR-6985-3p	0.00	mmu-mir-6985	0.00	0	0
mmu-miR-6986-5p	0.00	mmu-mir-6986	0.00	0	0
mmu-miR-6986-3p	0.00	mmu-mir-6986	0.00	0	0
mmu-miR-6987-5p	0.00	mmu-mir-6987	0.00	0	0
mmu-miR-6987-3p	0.00	mmu-mir-6987	0.00	0	0
mmu-miR-6988-5p	0.00	mmu-mir-6988	0.00	0	0
mmu-miR-6988-3p	0.00	mmu-mir-6988	0.00	0	0
mmu-miR-6989-5p	0.00	mmu-mir-6989	0.00	0	0
mmu-miR-6989-3p	0.00	mmu-mir-6989	0.00	0	0
mmu-miR-6990-5p	0.00	mmu-mir-6990	0.00	0	0
mmu-miR-6990-3p	0.00	mmu-mir-6990	0.00	0	0
mmu-miR-6991-5p	0.00	mmu-mir-6991	0.00	0	0
mmu-miR-6991-3p	0.00	mmu-mir-6991	0.00	0	0
mmu-miR-6992-5p	0.00	mmu-mir-6992	0.00	0	0
mmu-miR-6992-3p	0.00	mmu-mir-6992	0.00	0	0
mmu-miR-6993-5p	0.00	mmu-mir-6993	0.00	0	0
mmu-miR-6993-3p	0.00	mmu-mir-6993	0.00	0	0
mmu-miR-6994-5p	0.00	mmu-mir-6994	0.00	0	0
mmu-miR-6994-3p	0.00	mmu-mir-6994	0.00	0	0
mmu-miR-6995-5p	0.00	mmu-mir-6995	0.00	0	0
mmu-miR-6995-3p	0.00	mmu-mir-6995	0.00	0	0
mmu-miR-6996-5p	0.00	mmu-mir-6996	0.00	0	0
mmu-miR-6996-3p	0.00	mmu-mir-6996	0.00	0	0
mmu-miR-6997-5p	0.00	mmu-mir-6997	0.00	0	0
mmu-miR-6997-3p	0.00	mmu-mir-6997	0.00	0	0
mmu-miR-6998-5p	0.00	mmu-mir-6998	0.00	0	0
mmu-miR-6998-3p	0.00	mmu-mir-6998	0.00	0	0
mmu-miR-6999-5p	0.00	mmu-mir-6999	0.00	0	0
mmu-miR-6999-3p	0.00	mmu-mir-6999	0.00	0	0
mmu-miR-700-5p	0.00	mmu-mir-700	0.00	0	0
mmu-miR-700-3p	0.00	mmu-mir-700	0.00	0	0
mmu-miR-7000-5p	0.00	mmu-mir-7000	0.00	0	0
mmu-miR-7000-3p	0.00	mmu-mir-7000	0.00	0	0
mmu-miR-7001-5p	0.00	mmu-mir-7001	0.00	0	0
mmu-miR-7001-3p	0.00	mmu-mir-7001	0.00	0	0
mmu-miR-7002-5p	0.00	mmu-mir-7002	0.00	0	0
mmu-miR-7002-3p	0.00	mmu-mir-7002	0.00	0	0
mmu-miR-7003-5p	0.00	mmu-mir-7003	0.00	0	0
mmu-miR-7003-3p	0.00	mmu-mir-7003	0.00	0	0
mmu-miR-7004-5p	0.00	mmu-mir-7004	0.00	0	0
mmu-miR-7004-3p	0.00	mmu-mir-7004	0.00	0	0
mmu-miR-7005-5p	0.00	mmu-mir-7005	0.00	0	0
mmu-miR-7005-3p	0.00	mmu-mir-7005	0.00	0	0
mmu-miR-7006-5p	0.00	mmu-mir-7006	0.00	0	0
mmu-miR-7006-3p	0.00	mmu-mir-7006	0.00	0	0
mmu-miR-7007-5p	0.00	mmu-mir-7007	0.00	0	0
mmu-miR-7007-3p	0.00	mmu-mir-7007	0.00	0	0
mmu-miR-7008-5p	0.00	mmu-mir-7008	0.00	0	0
mmu-miR-7008-3p	0.00	mmu-mir-7008	0.00	0	0
mmu-miR-7009-5p	0.00	mmu-mir-7009	0.00	0	0
mmu-miR-7009-3p	0.00	mmu-mir-7009	0.00	0	0
mmu-miR-701-5p	0.00	mmu-mir-701	0.00	0	0
mmu-miR-701-3p	0.00	mmu-mir-701	0.00	0	0
mmu-miR-7010-5p	0.00	mmu-mir-7010	0.00	0	0
mmu-miR-7010-3p	0.00	mmu-mir-7010	0.00	0	0
mmu-miR-7011-5p	0.00	mmu-mir-7011	0.00	0	0
mmu-miR-7011-3p	0.00	mmu-mir-7011	0.00	0	0
mmu-miR-7012-5p	0.00	mmu-mir-7012	0.00	0	0
mmu-miR-7012-3p	0.00	mmu-mir-7012	0.00	0	0
mmu-miR-7013-5p	0.00	mmu-mir-7013	0.00	0	0
mmu-miR-7013-3p	0.00	mmu-mir-7013	0.00	0	0
mmu-miR-7014-5p	0.00	mmu-mir-7014	0.00	0	0
mmu-miR-7014-3p	0.00	mmu-mir-7014	0.00	0	0
mmu-miR-7015-5p	0.00	mmu-mir-7015	0.00	0	0
mmu-miR-7015-3p	0.00	mmu-mir-7015	0.00	0	0
mmu-miR-7016-5p	0.00	mmu-mir-7016	0.00	0	0
mmu-miR-7016-3p	0.00	mmu-mir-7016	0.00	0	0
mmu-miR-7017-5p	0.00	mmu-mir-7017	0.00	0	0
mmu-miR-7017-3p	0.00	mmu-mir-7017	0.00	0	0
mmu-miR-7018-5p	0.00	mmu-mir-7018	0.00	0	0
mmu-miR-7018-3p	0.00	mmu-mir-7018	0.00	0	0
mmu-miR-7019-5p	0.00	mmu-mir-7019	0.00	0	0
mmu-miR-7019-3p	0.00	mmu-mir-7019	0.00	0	0
mmu-miR-702-5p	0.00	mmu-mir-702	0.00	0	0
mmu-miR-702-3p	0.00	mmu-mir-702	0.00	0	0
mmu-miR-7020-5p	0.00	mmu-mir-7020	0.00	0	0
mmu-miR-7020-3p	0.00	mmu-mir-7020	0.00	0	0
mmu-miR-7021-5p	0.00	mmu-mir-7021	0.00	0	0
mmu-miR-7021-3p	0.00	mmu-mir-7021	0.00	0	0
mmu-miR-7022-5p	0.00	mmu-mir-7022	0.00	0	0
mmu-miR-7022-3p	0.00	mmu-mir-7022	0.00	0	0
mmu-miR-7023-5p	0.00	mmu-mir-7023	0.00	0	0
mmu-miR-7023-3p	0.00	mmu-mir-7023	0.00	0	0
mmu-miR-7024-5p	0.00	mmu-mir-7024	0.00	0	0
mmu-miR-7024-3p	0.00	mmu-mir-7024	0.00	0	0
mmu-miR-7025-5p	0.00	mmu-mir-7025	0.00	0	0
mmu-miR-7025-3p	0.00	mmu-mir-7025	0.00	0	0
mmu-miR-7026-5p	0.00	mmu-mir-7026	0.00	0	0
mmu-miR-7026-3p	0.00	mmu-mir-7026	0.00	0	0
mmu-miR-7027-5p	0.00	mmu-mir-7027	0.00	0	0
mmu-miR-7027-3p	0.00	mmu-mir-7027	0.00	0	0
mmu-miR-7028-5p	0.00	mmu-mir-7028	0.00	0	0
mmu-miR-7028-3p	0.00	mmu-mir-7028	0.00	0	0
mmu-miR-7029-5p	0.00	mmu-mir-7029	0.00	0	0
mmu-miR-7029-3p	0.00	mmu-mir-7029	0.00	0	0
mmu-miR-703	0.00	mmu-mir-703	0.00	0	0
mmu-miR-7030-5p	0.00	mmu-mir-7030	0.00	0	0
mmu-miR-7030-3p	0.00	mmu-mir-7030	0.00	0	0
mmu-miR-7031-5p	0.00	mmu-mir-7031	0.00	0	0
mmu-miR-7031-3p	0.00	mmu-mir-7031	0.00	0	0
mmu-miR-7032-5p	0.00	mmu-mir-7032	0.00	0	0
mmu-miR-7032-3p	0.00	mmu-mir-7032	0.00	0	0
mmu-miR-7033-5p	0.00	mmu-mir-7033	0.00	0	0
mmu-miR-7033-3p	0.00	mmu-mir-7033	0.00	0	0
mmu-miR-7034-5p	0.00	mmu-mir-7034	0.00	0	0
mmu-miR-7034-3p	0.00	mmu-mir-7034	0.00	0	0
mmu-miR-7035-5p	0.00	mmu-mir-7035	0.00	0	0
mmu-miR-7035-3p	0.00	mmu-mir-7035	0.00	0	0
mmu-miR-7036a-5p	0.00	mmu-mir-7036a	0.00	0	0
mmu-miR-7036a-3p	0.00	mmu-mir-7036a	0.00	0	0
mmu-miR-7036b-5p	0.00	mmu-mir-7036b	0.00	0	0
mmu-miR-7036b-3p	0.00	mmu-mir-7036b	0.00	0	0
mmu-miR-7037-5p	0.00	mmu-mir-7037	0.00	0	0
mmu-miR-7037-3p	0.00	mmu-mir-7037	0.00	0	0
mmu-miR-7038-5p	0.00	mmu-mir-7038	0.00	0	0
mmu-miR-7038-3p	0.00	mmu-mir-7038	0.00	0	0
mmu-miR-7039-5p	0.00	mmu-mir-7039	0.00	0	0
mmu-miR-7039-3p	0.00	mmu-mir-7039	0.00	0	0
mmu-miR-704	0.00	mmu-mir-704	0.00	0	0
mmu-miR-7040-5p	0.00	mmu-mir-7040	0.00	0	0
mmu-miR-7040-3p	0.00	mmu-mir-7040	0.00	0	0
mmu-miR-7041-5p	0.00	mmu-mir-7041	0.00	0	0
mmu-miR-7041-3p	0.00	mmu-mir-7041	0.00	0	0
mmu-miR-7042-5p	0.00	mmu-mir-7042	0.00	0	0
mmu-miR-7042-3p	0.00	mmu-mir-7042	0.00	0	0
mmu-miR-7043-5p	0.00	mmu-mir-7043	0.00	0	0
mmu-miR-7043-3p	0.00	mmu-mir-7043	0.00	0	0
mmu-miR-7044-5p	0.00	mmu-mir-7044	0.00	0	0
mmu-miR-7044-3p	0.00	mmu-mir-7044	0.00	0	0
mmu-miR-7045-5p	0.00	mmu-mir-7045	0.00	0	0
mmu-miR-7045-3p	0.00	mmu-mir-7045	0.00	0	0
mmu-miR-7046-5p	0.00	mmu-mir-7046	0.00	0	0
mmu-miR-7046-3p	0.00	mmu-mir-7046	0.00	0	0
mmu-miR-7047-5p	0.00	mmu-mir-7047	0.00	0	0
mmu-miR-7047-3p	0.00	mmu-mir-7047	0.00	0	0
mmu-miR-7048-5p	0.00	mmu-mir-7048	0.00	0	0
mmu-miR-7048-3p	0.00	mmu-mir-7048	0.00	0	0
mmu-miR-7049-5p	0.00	mmu-mir-7049	0.00	0	0
mmu-miR-7049-3p	0.00	mmu-mir-7049	0.00	0	0
mmu-miR-705	0.00	mmu-mir-705	0.00	0	0
mmu-miR-7050-5p	0.00	mmu-mir-7050	0.00	0	0
mmu-miR-7050-3p	0.00	mmu-mir-7050	0.00	0	0
mmu-miR-7051-5p	0.00	mmu-mir-7051	0.00	0	0
mmu-miR-7051-3p	0.00	mmu-mir-7051	0.00	0	0
mmu-miR-7052-5p	0.00	mmu-mir-7052	0.00	0	0
mmu-miR-7052-3p	0.00	mmu-mir-7052	0.00	0	0
mmu-miR-7053-5p	0.00	mmu-mir-7053	0.00	0	0
mmu-miR-7053-3p	0.00	mmu-mir-7053	0.00	0	0
mmu-miR-7054-5p	0.00	mmu-mir-7054	0.00	0	0
mmu-miR-7054-3p	0.00	mmu-mir-7054	0.00	0	0
mmu-miR-7055-5p	0.00	mmu-mir-7055	0.00	0	0
mmu-miR-7055-3p	0.00	mmu-mir-7055	0.00	0	0
mmu-miR-7056-5p	0.00	mmu-mir-7056	0.00	0	0
mmu-miR-7056-3p	0.00	mmu-mir-7056	0.00	0	0
mmu-miR-7057-5p	0.00	mmu-mir-7057	0.00	0	0
mmu-miR-7057-3p	0.00	mmu-mir-7057	0.00	0	0
mmu-miR-7058-5p	0.00	mmu-mir-7058	0.00	0	0
mmu-miR-7058-3p	0.00	mmu-mir-7058	0.00	0	0
mmu-miR-7059-5p	0.00	mmu-mir-7059	0.00	0	0
mmu-miR-7059-3p	0.00	mmu-mir-7059	0.00	0	0
mmu-miR-706	0.00	mmu-mir-706	0.00	0	0
mmu-miR-7060-5p	0.00	mmu-mir-7060	0.00	0	0
mmu-miR-7060-3p	0.00	mmu-mir-7060	0.00	0	0
mmu-miR-7061-5p	0.00	mmu-mir-7061	0.00	0	0
mmu-miR-7061-3p	0.00	mmu-mir-7061	0.00	0	0
mmu-miR-7062-5p	0.00	mmu-mir-7062	0.00	0	0
mmu-miR-7062-3p	0.00	mmu-mir-7062	0.00	0	0
mmu-miR-7063-5p	0.00	mmu-mir-7063	0.00	0	0
mmu-miR-7063-3p	0.00	mmu-mir-7063	0.00	0	0
mmu-miR-7064-5p	0.00	mmu-mir-7064	0.00	0	0
mmu-miR-7064-3p	0.00	mmu-mir-7064	0.00	0	0
mmu-miR-7065-5p	0.00	mmu-mir-7065	0.00	0	0
mmu-miR-7065-3p	0.00	mmu-mir-7065	0.00	0	0
mmu-miR-7066-5p	0.00	mmu-mir-7066	0.00	0	0
mmu-miR-7066-3p	0.00	mmu-mir-7066	0.00	0	0
mmu-miR-7067-5p	0.00	mmu-mir-7067	0.00	0	0
mmu-miR-7067-3p	0.00	mmu-mir-7067	0.00	0	0
mmu-miR-7068-5p	0.00	mmu-mir-7068	0.00	0	0
mmu-miR-7068-3p	0.00	mmu-mir-7068	0.00	0	0
mmu-miR-7069-5p	0.00	mmu-mir-7069	0.00	0	0
mmu-miR-7069-3p	0.00	mmu-mir-7069	0.00	0	0
mmu-miR-707	0.00	mmu-mir-707	0.00	0	0
mmu-miR-7070-5p	0.00	mmu-mir-7070	0.00	0	0
mmu-miR-7070-3p	0.00	mmu-mir-7070	0.00	0	0
mmu-miR-7071-5p	0.00	mmu-mir-7071	0.00	0	0
mmu-miR-7071-3p	0.00	mmu-mir-7071	0.00	0	0
mmu-miR-7072-5p	0.00	mmu-mir-7072	0.00	0	0
mmu-miR-7072-3p	0.00	mmu-mir-7072	0.00	0	0
mmu-miR-7073-5p	0.00	mmu-mir-7073	0.00	0	0
mmu-miR-7073-3p	0.00	mmu-mir-7073	0.00	0	0
mmu-miR-7074-5p	0.00	mmu-mir-7074	0.00	0	0
mmu-miR-7074-3p	0.00	mmu-mir-7074	0.00	0	0
mmu-miR-7075-5p	0.00	mmu-mir-7075	0.00	0	0
mmu-miR-7075-3p	0.00	mmu-mir-7075	0.00	0	0
mmu-miR-7076-5p	0.00	mmu-mir-7076	0.00	0	0
mmu-miR-7076-3p	0.00	mmu-mir-7076	0.00	0	0
mmu-miR-7077-5p	0.00	mmu-mir-7077	0.00	0	0
mmu-miR-7077-3p	0.00	mmu-mir-7077	0.00	0	0
mmu-miR-7078-5p	0.00	mmu-mir-7078	0.00	0	0
mmu-miR-7078-3p	0.00	mmu-mir-7078	0.00	0	0
mmu-miR-7079-5p	0.00	mmu-mir-7079	0.00	0	0
mmu-miR-7079-3p	0.00	mmu-mir-7079	0.00	0	0
mmu-miR-708-5p	0.00	mmu-mir-708	0.00	0	0
mmu-miR-708-3p	0.00	mmu-mir-708	0.00	0	0
mmu-miR-7080-5p	0.00	mmu-mir-7080	0.00	0	0
mmu-miR-7080-3p	0.00	mmu-mir-7080	0.00	0	0
mmu-miR-7081-5p	0.00	mmu-mir-7081	0.00	0	0
mmu-miR-7081-3p	0.00	mmu-mir-7081	0.00	0	0
mmu-miR-7082-5p	0.00	mmu-mir-7082	0.00	0	0
mmu-miR-7082-3p	0.00	mmu-mir-7082	0.00	0	0
mmu-miR-7083-5p	0.00	mmu-mir-7083	0.00	0	0
mmu-miR-7083-3p	0.00	mmu-mir-7083	0.00	0	0
mmu-miR-7084-5p	0.00	mmu-mir-7084	0.00	0	0
mmu-miR-7084-3p	0.00	mmu-mir-7084	0.00	0	0
mmu-miR-7085-5p	0.00	mmu-mir-7085	0.00	0	0
mmu-miR-7085-3p	0.00	mmu-mir-7085	0.00	0	0
mmu-miR-7086-5p	0.00	mmu-mir-7086	0.00	0	0
mmu-miR-7086-3p	0.00	mmu-mir-7086	0.00	0	0
mmu-miR-7087-5p	0.00	mmu-mir-7087	0.00	0	0
mmu-miR-7087-3p	0.00	mmu-mir-7087	0.00	0	0
mmu-miR-7088-5p	0.00	mmu-mir-7088	0.00	0	0
mmu-miR-7088-3p	0.00	mmu-mir-7088	0.00	0	0
mmu-miR-7089-5p	0.00	mmu-mir-7089	0.00	0	0
mmu-miR-7089-3p	0.00	mmu-mir-7089	0.00	0	0
mmu-miR-709	0.00	mmu-mir-709	0.00	0	0
mmu-miR-7090-5p	0.00	mmu-mir-7090	0.00	0	0
mmu-miR-7090-3p	0.00	mmu-mir-7090	0.00	0	0
mmu-miR-7091-5p	0.00	mmu-mir-7091	0.00	0	0
mmu-miR-7091-3p	0.00	mmu-mir-7091	0.00	0	0
mmu-miR-7092-5p	0.00	mmu-mir-7092	0.00	0	0
mmu-miR-7092-3p	0.00	mmu-mir-7092	0.00	0	0
mmu-miR-7093-5p	0.00	mmu-mir-7093	0.00	0	0
mmu-miR-7093-3p	0.00	mmu-mir-7093	0.00	0	0
mmu-miR-7094-1-5p	0.00	mmu-mir-7094-1	0.00	0	0
mmu-miR-7094-3p	0.00	mmu-mir-7094-1	0.00	0	0
mmu-miR-7094-3p	0.00	mmu-mir-7094-2	0.00	0	0
mmu-miR-7094b-2-5p	0.00	mmu-mir-7094-2	0.00	0	0
mmu-miR-710	0.00	mmu-mir-710	0.00	0	0
mmu-miR-711	0.00	mmu-mir-711	0.00	0	0
mmu-miR-7115-5p	0.00	mmu-mir-7115	0.00	0	0
mmu-miR-7115-3p	0.00	mmu-mir-7115	0.00	0	0
mmu-miR-7116-5p	0.00	mmu-mir-7116	0.00	0	0
mmu-miR-7116-3p	0.00	mmu-mir-7116	0.00	0	0
mmu-miR-7117-5p	0.00	mmu-mir-7117	0.00	0	0
mmu-miR-7117-3p	0.00	mmu-mir-7117	0.00	0	0
mmu-miR-7118-5p	0.00	mmu-mir-7118	0.00	0	0
mmu-miR-7118-3p	0.00	mmu-mir-7118	0.00	0	0
mmu-miR-7119-5p	0.00	mmu-mir-7119	0.00	0	0
mmu-miR-7119-3p	0.00	mmu-mir-7119	0.00	0	0
mmu-miR-712-5p	1.00	mmu-mir-712	1.00	1.00	173.88
mmu-miR-712-3p	0.00	mmu-mir-712	0.00	0	0
mmu-miR-713	0.00	mmu-mir-713	0.00	0	0
mmu-miR-714	6.00	mmu-mir-714	6.00	6.00	1043.30
mmu-miR-717	0.00	mmu-mir-717	0.00	0	0
mmu-miR-718	0.00	mmu-mir-718	0.00	0	0
mmu-miR-719	0.00	mmu-mir-719	0.00	0	0
mmu-miR-721	0.00	mmu-mir-721	0.00	0	0
mmu-miR-7210-5p	0.00	mmu-mir-7210	0.00	0	0
mmu-miR-7210-3p	0.00	mmu-mir-7210	0.00	0	0
mmu-miR-7211-5p	0.00	mmu-mir-7211	0.00	0	0
mmu-miR-7211-3p	0.00	mmu-mir-7211	0.00	0	0
mmu-miR-7212-5p	0.00	mmu-mir-7212	0.00	0	0
mmu-miR-7212-3p	0.00	mmu-mir-7212	0.00	0	0
mmu-miR-7213-5p	0.00	mmu-mir-7213	0.00	0	0
mmu-miR-7213-3p	0.00	mmu-mir-7213	0.00	0	0
mmu-miR-7214-5p	0.00	mmu-mir-7214	0.00	0	0
mmu-miR-7214-3p	0.00	mmu-mir-7214	0.00	0	0
mmu-miR-7215-5p	0.00	mmu-mir-7215	0.00	0	0
mmu-miR-7215-3p	0.00	mmu-mir-7215	0.00	0	0
mmu-miR-7216-5p	0.00	mmu-mir-7216	0.00	0	0
mmu-miR-7216-3p	0.00	mmu-mir-7216	0.00	0	0
mmu-miR-7217-5p	0.00	mmu-mir-7217	0.00	0	0
mmu-miR-7217-3p	0.00	mmu-mir-7217	0.00	0	0
mmu-miR-7218-5p	0.00	mmu-mir-7218	0.00	0	0
mmu-miR-7218-3p	0.00	mmu-mir-7218	0.00	0	0
mmu-miR-7219-5p	0.00	mmu-mir-7219	0.00	0	0
mmu-miR-7219-3p	0.00	mmu-mir-7219	0.00	0	0
mmu-miR-7220-5p	0.00	mmu-mir-7220	0.00	0	0
mmu-miR-7220-3p	0.00	mmu-mir-7220	0.00	0	0
mmu-miR-7221-5p	0.00	mmu-mir-7221	0.00	0	0
mmu-miR-7221-3p	0.00	mmu-mir-7221	0.00	0	0
mmu-miR-7222-5p	0.00	mmu-mir-7222	0.00	0	0
mmu-miR-7222-3p	0.00	mmu-mir-7222	0.00	0	0
mmu-miR-7223-5p	0.00	mmu-mir-7223	0.00	0	0
mmu-miR-7223-3p	0.00	mmu-mir-7223	0.00	0	0
mmu-miR-7224-5p	0.00	mmu-mir-7224	0.00	0	0
mmu-miR-7224-3p	0.00	mmu-mir-7224	0.00	0	0
mmu-miR-7225-5p	0.00	mmu-mir-7225	0.00	0	0
mmu-miR-7225-3p	0.00	mmu-mir-7225	0.00	0	0
mmu-miR-7226-5p	0.00	mmu-mir-7226	0.00	0	0
mmu-miR-7226-3p	0.00	mmu-mir-7226	0.00	0	0
mmu-miR-7227-5p	0.00	mmu-mir-7227	0.00	0	0
mmu-miR-7227-3p	0.00	mmu-mir-7227	0.00	0	0
mmu-miR-7228-5p	0.00	mmu-mir-7228	0.00	0	0
mmu-miR-7228-3p	0.00	mmu-mir-7228	0.00	0	0
mmu-miR-7229-5p	0.00	mmu-mir-7229	0.00	0	0
mmu-miR-7229-3p	0.00	mmu-mir-7229	0.00	0	0
mmu-miR-7230-5p	0.00	mmu-mir-7230	0.00	0	0
mmu-miR-7230-3p	0.00	mmu-mir-7230	0.00	0	0
mmu-miR-7231-5p	0.00	mmu-mir-7231	0.00	0	0
mmu-miR-7231-3p	0.00	mmu-mir-7231	0.00	0	0
mmu-miR-7232-5p	0.00	mmu-mir-7232	0.00	0	0
mmu-miR-7232-3p	0.00	mmu-mir-7232	0.00	0	0
mmu-miR-7233-5p	0.00	mmu-mir-7233	0.00	0	0
mmu-miR-7233-3p	0.00	mmu-mir-7233	0.00	0	0
mmu-miR-7234-5p	0.00	mmu-mir-7234	0.00	0	0
mmu-miR-7234-3p	0.00	mmu-mir-7234	0.00	0	0
mmu-miR-7235-5p	0.00	mmu-mir-7235	0.00	0	0
mmu-miR-7235-3p	0.00	mmu-mir-7235	0.00	0	0
mmu-miR-7236-5p	0.00	mmu-mir-7236	0.00	0	0
mmu-miR-7236-3p	0.00	mmu-mir-7236	0.00	0	0
mmu-miR-7237-5p	0.00	mmu-mir-7237	0.00	0	0
mmu-miR-7237-3p	0.00	mmu-mir-7237	0.00	0	0
mmu-miR-7238-5p	0.00	mmu-mir-7238	0.00	0	0
mmu-miR-7238-3p	0.00	mmu-mir-7238	0.00	0	0
mmu-miR-7239-5p	0.00	mmu-mir-7239	0.00	0	0
mmu-miR-7239-3p	0.00	mmu-mir-7239	0.00	0	0
mmu-miR-7240-5p	0.00	mmu-mir-7240	0.00	0	0
mmu-miR-7240-3p	0.00	mmu-mir-7240	0.00	0	0
mmu-miR-7241-5p	0.00	mmu-mir-7241	0.00	0	0
mmu-miR-7241-3p	0.00	mmu-mir-7241	0.00	0	0
mmu-miR-7242-5p	0.00	mmu-mir-7242	0.00	0	0
mmu-miR-7242-3p	0.00	mmu-mir-7242	0.00	0	0
mmu-miR-7243-5p	0.00	mmu-mir-7243	0.00	0	0
mmu-miR-7243-3p	0.00	mmu-mir-7243	0.00	0	0
mmu-miR-741-5p	0.00	mmu-mir-741	0.00	0	0
mmu-miR-741-3p	0.00	mmu-mir-741	0.00	0	0
mmu-miR-742-5p	0.00	mmu-mir-742	0.00	0	0
mmu-miR-742-3p	0.00	mmu-mir-742	0.00	0	0
mmu-miR-743a-5p	0.00	mmu-mir-743a	0.00	0	0
mmu-miR-743a-3p	0.00	mmu-mir-743a	0.00	0	0
mmu-miR-743b-5p	0.00	mmu-mir-743b	0.00	0	0
mmu-miR-743b-3p	0.00	mmu-mir-743b	0.00	0	0
mmu-miR-744-5p	0.00	mmu-mir-744	0.00	0	0
mmu-miR-744-3p	0.00	mmu-mir-744	0.00	0	0
mmu-miR-7578	0.00	mmu-mir-7578	0.00	0	0
mmu-miR-758-5p	0.00	mmu-mir-758	0.00	0	0
mmu-miR-758-3p	0.00	mmu-mir-758	0.00	0	0
mmu-miR-759	0.00	mmu-mir-759	0.00	0	0
mmu-miR-760-5p	0.00	mmu-mir-760	0.00	0	0
mmu-miR-760-3p	0.00	mmu-mir-760	0.00	0	0
mmu-miR-761	0.00	mmu-mir-761	0.00	0	0
mmu-miR-762	0.00	mmu-mir-762	0.00	0	0
mmu-miR-763	0.00	mmu-mir-763	0.00	0	0
mmu-miR-764-5p	0.00	mmu-mir-764	0.00	0	0
mmu-miR-764-3p	0.00	mmu-mir-764	0.00	0	0
mmu-miR-7646-5p	0.00	mmu-mir-7646	0.00	0	0
mmu-miR-7646-3p	0.00	mmu-mir-7646	0.00	0	0
mmu-miR-7647-5p	0.00	mmu-mir-7647	0.00	0	0
mmu-miR-7647-3p	0.00	mmu-mir-7647	0.00	0	0
mmu-miR-7648-5p	0.00	mmu-mir-7648	0.00	0	0
mmu-miR-7648-3p	0.00	mmu-mir-7648	0.00	0	0
mmu-miR-7649-5p	0.00	mmu-mir-7649	0.00	0	0
mmu-miR-7649-3p	0.00	mmu-mir-7649	0.00	0	0
mmu-miR-7650-5p	0.00	mmu-mir-7650	0.00	0	0
mmu-miR-7650-3p	0.00	mmu-mir-7650	0.00	0	0
mmu-miR-7651-5p	0.00	mmu-mir-7651	0.00	0	0
mmu-miR-7651-3p	0.00	mmu-mir-7651	0.00	0	0
mmu-miR-7652-5p	0.00	mmu-mir-7652	0.00	0	0
mmu-miR-7652-3p	0.00	mmu-mir-7652	0.00	0	0
mmu-miR-7653-5p	0.00	mmu-mir-7653	0.00	0	0
mmu-miR-7653-3p	0.00	mmu-mir-7653	0.00	0	0
mmu-miR-7654-5p	0.00	mmu-mir-7654	0.00	0	0
mmu-miR-7654-3p	0.00	mmu-mir-7654	0.00	0	0
mmu-miR-7655-5p	0.00	mmu-mir-7655	0.00	0	0
mmu-miR-7655-3p	0.00	mmu-mir-7655	0.00	0	0
mmu-miR-7656-5p	0.00	mmu-mir-7656	0.00	0	0
mmu-miR-7656-3p	0.00	mmu-mir-7656	0.00	0	0
mmu-miR-7657-5p	0.00	mmu-mir-7657	0.00	0	0
mmu-miR-7657-3p	0.00	mmu-mir-7657	0.00	0	0
mmu-miR-7658-5p	0.00	mmu-mir-7658	0.00	0	0
mmu-miR-7658-3p	0.00	mmu-mir-7658	0.00	0	0
mmu-miR-7659-5p	0.00	mmu-mir-7659	0.00	0	0
mmu-miR-7659-3p	0.00	mmu-mir-7659	0.00	0	0
mmu-miR-7660-5p	0.00	mmu-mir-7660	0.00	0	0
mmu-miR-7660-3p	0.00	mmu-mir-7660	0.00	0	0
mmu-miR-7661-5p	0.00	mmu-mir-7661	0.00	0	0
mmu-miR-7661-3p	0.00	mmu-mir-7661	0.00	0	0
mmu-miR-7662-5p	0.00	mmu-mir-7662	0.00	0	0
mmu-miR-7662-3p	0.00	mmu-mir-7662	0.00	0	0
mmu-miR-7663-5p	0.00	mmu-mir-7663	0.00	0	0
mmu-miR-7663-3p	0.00	mmu-mir-7663	0.00	0	0
mmu-miR-7664-5p	0.00	mmu-mir-7664	0.00	0	0
mmu-miR-7664-3p	0.00	mmu-mir-7664	0.00	0	0
mmu-miR-7665-5p	0.00	mmu-mir-7665	0.00	0	0
mmu-miR-7665-3p	0.00	mmu-mir-7665	0.00	0	0
mmu-miR-7666-5p	0.00	mmu-mir-7666	0.00	0	0
mmu-miR-7666-3p	0.00	mmu-mir-7666	0.00	0	0
mmu-miR-7667-5p	0.00	mmu-mir-7667	0.00	0	0
mmu-miR-7667-3p	0.00	mmu-mir-7667	0.00	0	0
mmu-miR-7668-5p	0.00	mmu-mir-7668	0.00	0	0
mmu-miR-7668-3p	0.00	mmu-mir-7668	0.00	0	0
mmu-miR-7669-5p	0.00	mmu-mir-7669	0.00	0	0
mmu-miR-7669-3p	0.00	mmu-mir-7669	0.00	0	0
mmu-miR-767	0.00	mmu-mir-767	0.00	0	0
mmu-miR-7670-5p	0.00	mmu-mir-7670	0.00	0	0
mmu-miR-7670-3p	0.00	mmu-mir-7670	0.00	0	0
mmu-miR-7671-5p	0.00	mmu-mir-7671	0.00	0	0
mmu-miR-7671-3p	0.00	mmu-mir-7671	0.00	0	0
mmu-miR-7672-5p	0.00	mmu-mir-7672	0.00	0	0
mmu-miR-7672-3p	0.00	mmu-mir-7672	0.00	0	0
mmu-miR-7673-5p	0.00	mmu-mir-7673	0.00	0	0
mmu-miR-7673-3p	0.00	mmu-mir-7673	0.00	0	0
mmu-miR-7674-5p	0.00	mmu-mir-7674	0.00	0	0
mmu-miR-7674-3p	0.00	mmu-mir-7674	0.00	0	0
mmu-miR-7675-5p	0.00	mmu-mir-7675	0.00	0	0
mmu-miR-7675-3p	0.00	mmu-mir-7675	0.00	0	0
mmu-miR-7676-5p	0.00	mmu-mir-7676-1	0.00	0	0
mmu-miR-7676-3p	0.00	mmu-mir-7676-1	0.00	0	0
mmu-miR-7676-5p	0.00	mmu-mir-7676-2	0.00	0	0
mmu-miR-7676-3p	0.00	mmu-mir-7676-2	0.00	0	0
mmu-miR-7677-5p	0.00	mmu-mir-7677	0.00	0	0
mmu-miR-7677-3p	0.00	mmu-mir-7677	0.00	0	0
mmu-miR-7678-5p	0.00	mmu-mir-7678	0.00	0	0
mmu-miR-7678-3p	0.00	mmu-mir-7678	0.00	0	0
mmu-miR-7679-5p	0.00	mmu-mir-7679	0.00	0	0
mmu-miR-7679-3p	0.00	mmu-mir-7679	0.00	0	0
mmu-miR-7680-5p	0.00	mmu-mir-7680	0.00	0	0
mmu-miR-7680-3p	0.00	mmu-mir-7680	0.00	0	0
mmu-miR-7681-5p	0.00	mmu-mir-7681	0.00	0	0
mmu-miR-7681-3p	0.00	mmu-mir-7681	0.00	0	0
mmu-miR-7682-5p	0.00	mmu-mir-7682	0.00	0	0
mmu-miR-7682-3p	0.00	mmu-mir-7682	0.00	0	0
mmu-miR-7683-5p	0.00	mmu-mir-7683	0.00	0	0
mmu-miR-7683-3p	0.00	mmu-mir-7683	0.00	0	0
mmu-miR-7684-5p	0.00	mmu-mir-7684	0.00	0	0
mmu-miR-7684-3p	0.00	mmu-mir-7684	0.00	0	0
mmu-miR-7685-5p	0.00	mmu-mir-7685	0.00	0	0
mmu-miR-7685-3p	0.00	mmu-mir-7685	0.00	0	0
mmu-miR-7686-5p	0.00	mmu-mir-7686	0.00	0	0
mmu-miR-7686-3p	0.00	mmu-mir-7686	0.00	0	0
mmu-miR-7687-5p	0.00	mmu-mir-7687	0.00	0	0
mmu-miR-7687-3p	0.00	mmu-mir-7687	0.00	0	0
mmu-miR-7688-5p	0.00	mmu-mir-7688	0.00	0	0
mmu-miR-7688-3p	0.00	mmu-mir-7688	0.00	0	0
mmu-miR-7689-5p	0.00	mmu-mir-7689	0.00	0	0
mmu-miR-7689-3p	0.00	mmu-mir-7689	0.00	0	0
mmu-miR-770-5p	0.00	mmu-mir-770	0.00	0	0
mmu-miR-770-3p	0.00	mmu-mir-770	0.00	0	0
mmu-miR-7a-5p	0.00	mmu-mir-7a-1	0.00	0	0
mmu-miR-7a-1-3p	0.00	mmu-mir-7a-1	0.00	0	0
mmu-miR-7a-5p	0.00	mmu-mir-7a-2	0.00	0	0
mmu-miR-7a-2-3p	0.00	mmu-mir-7a-2	0.00	0	0
mmu-miR-7b-5p	0.00	mmu-mir-7b	0.00	0	0
mmu-miR-7b-3p	0.00	mmu-mir-7b	0.00	0	0
mmu-miR-802-5p	1.00	mmu-mir-802	1.00	1.00	173.88
mmu-miR-802-3p	0.00	mmu-mir-802	0.00	0	0
mmu-miR-804	0.00	mmu-mir-804	0.00	0	0
mmu-miR-8090	0.00	mmu-mir-8090	0.00	0	0
mmu-miR-8091	0.00	mmu-mir-8091	0.00	0	0
mmu-miR-8092	0.00	mmu-mir-8092	0.00	0	0
mmu-miR-8093	0.00	mmu-mir-8093	0.00	0	0
mmu-miR-8094	0.00	mmu-mir-8094	0.00	0	0
mmu-miR-8095	0.00	mmu-mir-8095	0.00	0	0
mmu-miR-8096	0.00	mmu-mir-8096	0.00	0	0
mmu-miR-8097	0.00	mmu-mir-8097	0.00	0	0
mmu-miR-8098	0.00	mmu-mir-8098	0.00	0	0
mmu-miR-8099	0.00	mmu-mir-8099-1	0.00	0	0
mmu-miR-8099	0.00	mmu-mir-8099-2	0.00	0	0
mmu-miR-8100	0.00	mmu-mir-8100	0.00	0	0
mmu-miR-8101	0.00	mmu-mir-8101	0.00	0	0
mmu-miR-8102	0.00	mmu-mir-8102	0.00	0	0
mmu-miR-8103	0.00	mmu-mir-8103	0.00	0	0
mmu-miR-8104	0.00	mmu-mir-8104	0.00	0	0
mmu-miR-8105	0.00	mmu-mir-8105	0.00	0	0
mmu-miR-8106	0.00	mmu-mir-8106	0.00	0	0
mmu-miR-8107	0.00	mmu-mir-8107	0.00	0	0
mmu-miR-8108	0.00	mmu-mir-8108	0.00	0	0
mmu-miR-8109	0.00	mmu-mir-8109	0.00	0	0
mmu-miR-8110	0.00	mmu-mir-8110	0.00	0	0
mmu-miR-8111	0.00	mmu-mir-8111	0.00	0	0
mmu-miR-8112	0.00	mmu-mir-8112	0.00	0	0
mmu-miR-8113	0.00	mmu-mir-8113	0.00	0	0
mmu-miR-8114	0.00	mmu-mir-8114	0.00	0	0
mmu-miR-8115	0.00	mmu-mir-8115	0.00	0	0
mmu-miR-8116	0.00	mmu-mir-8116	0.00	0	0
mmu-miR-8117	0.00	mmu-mir-8117	0.00	0	0
mmu-miR-8118	0.00	mmu-mir-8118	0.00	0	0
mmu-miR-8119	0.00	mmu-mir-8119	0.00	0	0
mmu-miR-8120	0.00	mmu-mir-8120	0.00	0	0
mmu-miR-871-5p	0.00	mmu-mir-871	0.00	0	0
mmu-miR-871-3p	0.00	mmu-mir-871	0.00	0	0
mmu-miR-872-5p	0.00	mmu-mir-872	0.00	0	0
mmu-miR-872-3p	0.00	mmu-mir-872	0.00	0	0
mmu-miR-873a-5p	0.00	mmu-mir-873a	0.00	0	0
mmu-miR-873a-3p	0.00	mmu-mir-873a	0.00	0	0
mmu-miR-873b	0.00	mmu-mir-873b	0.00	0	0
mmu-miR-874-5p	0.00	mmu-mir-874	0.00	0	0
mmu-miR-874-3p	0.00	mmu-mir-874	0.00	0	0
mmu-miR-875-5p	0.00	mmu-mir-875	0.00	0	0
mmu-miR-875-3p	0.00	mmu-mir-875	0.00	0	0
mmu-miR-876-5p	0.00	mmu-mir-876	0.00	0	0
mmu-miR-876-3p	0.00	mmu-mir-876	0.00	0	0
mmu-miR-877-5p	0.00	mmu-mir-877	0.00	0	0
mmu-miR-877-3p	0.00	mmu-mir-877	0.00	0	0
mmu-miR-878-5p	0.00	mmu-mir-878	0.00	0	0
mmu-miR-878-3p	0.00	mmu-mir-878	0.00	0	0
mmu-miR-879-5p	0.00	mmu-mir-879	0.00	0	0
mmu-miR-879-3p	0.00	mmu-mir-879	0.00	0	0
mmu-miR-880-5p	0.00	mmu-mir-880	0.00	0	0
mmu-miR-880-3p	0.00	mmu-mir-880	0.00	0	0
mmu-miR-881-5p	0.00	mmu-mir-881	0.00	0	0
mmu-miR-881-3p	0.00	mmu-mir-881	0.00	0	0
mmu-miR-882	0.00	mmu-mir-882	0.00	0	0
mmu-miR-883a-5p	0.00	mmu-mir-883a	0.00	0	0
mmu-miR-883a-3p	0.00	mmu-mir-883a	0.00	0	0
mmu-miR-883b-5p	0.00	mmu-mir-883b	0.00	0	0
mmu-miR-883b-3p	0.00	mmu-mir-883b	0.00	0	0
mmu-miR-9-5p	0.00	mmu-mir-9-1	0.00	0	0
mmu-miR-9-3p	0.00	mmu-mir-9-1	0.00	0	0
mmu-miR-9-5p	0.00	mmu-mir-9-2	0.00	0	0
mmu-miR-9-3p	0.00	mmu-mir-9-2	0.00	0	0
mmu-miR-9-5p	0.00	mmu-mir-9-3	0.00	0	0
mmu-miR-9-3p	0.00	mmu-mir-9-3	0.00	0	0
mmu-miR-92a-3p	5.00	mmu-mir-92a-1	5.00	5.00	869.41
mmu-miR-92a-1-5p	0.00	mmu-mir-92a-1	0.00	0	0
mmu-miR-92a-2-5p	0.00	mmu-mir-92a-2	0.00	0	0
mmu-miR-92a-3p	2.00	mmu-mir-92a-2	2.00	2.00	347.77
mmu-miR-92b-5p	0.00	mmu-mir-92b	0.00	0	0
mmu-miR-92b-3p	0.00	mmu-mir-92b	0.00	0	0
mmu-miR-93-5p	0.00	mmu-mir-93	0.00	0	0
mmu-miR-93-3p	0.00	mmu-mir-93	0.00	0	0
mmu-miR-935	0.00	mmu-mir-935	0.00	0	0
mmu-miR-96-5p	0.00	mmu-mir-96	0.00	0	0
mmu-miR-96-3p	0.00	mmu-mir-96	0.00	0	0
mmu-miR-9718	0.00	mmu-mir-9718	0.00	0	0
mmu-miR-9768-5p	0.00	mmu-mir-9768	0.00	0	0
mmu-miR-9768-3p	0.00	mmu-mir-9768	0.00	0	0
mmu-miR-9769-5p	0.00	mmu-mir-9769	0.00	0	0
mmu-miR-9769-3p	0.00	mmu-mir-9769	0.00	0	0
mmu-miR-98-5p	0.00	mmu-mir-98	0.00	0	0
mmu-miR-98-3p	0.00	mmu-mir-98	0.00	0	0
mmu-miR-99a-5p	67.00	mmu-mir-99a	67.00	67.00	11650.15
mmu-miR-99a-3p	0.00	mmu-mir-99a	0.00	0	0
mmu-miR-99b-5p	53.00	mmu-mir-99b	53.00	53.00	9215.79
mmu-miR-99b-3p	0.00	mmu-mir-99b	0.00	0	0
mmu-miR-9b-5p	0.00	mmu-mir-9b-1	0.00	0	0
mmu-miR-9b-3p	0.00	mmu-mir-9b-1	0.00	0	0
mmu-miR-9b-5p	0.00	mmu-mir-9b-2	0.00	0	0
mmu-miR-9b-3p	0.00	mmu-mir-9b-2	0.00	0	0
mmu-miR-9b-5p	0.00	mmu-mir-9b-3	0.00	0	0
mmu-miR-9b-3p	0.00	mmu-mir-9b-3	0.00	0	0
